81 2000
70 43
68 73
16 40
19 76
34 9
53 51
25 4
79 15
76 35
48 31
46 37
44 40
54 11
54 47
68 27
23 64
43 6
10 33
53 24
31 5
18 35
76 68
77 19
26 75
47 2
34 51
44 65
51 55
6 7
67 21
35 53
59 16
7 79
70 11
45 72
46 28
65 11
56 13
62 37
53 70
61 57
81 19
66 80
2 16
78 19
70 46
32 24
57 18
68 74
54 39
81 35
74 70
54 12
23 72
79 34
56 5
73 51
7 53
50 1
37 52
20 47
35 79
30 38
1 14
32 66
30 41
9 46
14 62
55 7
15 68
43 58
70 15
65 60
42 24
30 56
25 69
13 54
18 72
19 28
43 60
47 46
62 38
40 12
2 21
9 17
78 63
49 62
19 67
13 25
33 34
80 17
59 18
39 22
70 81
69 22
5 13
1 70
19 58
28 32
18 75
13 35
19 50
26 79
75 61
80 76
67 52
73 1
7 46
31 17
14 54
38 78
14 12
57 45
55 50
43 46
27 51
42 67
1 64
49 74
51 56
76 15
80 54
6 65
15 14
57 55
45 50
22 79
14 77
62 60
59 48
50 80
65 47
61 41
37 24
78 28
57 63
71 37
70 23
37 53
26 18
36 75
6 12
47 24
31 48
47 50
8 41
54 38
47 80
22 23
14 3
26 57
26 65
50 67
35 64
24 15
34 61
25 57
27 65
36 81
61 67
22 9
38 12
52 57
28 68
58 71
3 77
58 58
36 28
6 44
12 50
34 36
61 76
17 38
69 62
76 36
43 2
59 12
58 69
46 34
45 24
55 17
76 18
22 62
31 78
81 80
58 4
13 64
75 15
17 2
20 74
81 52
78 35
70 66
4 71
58 14
47 35
52 48
10 9
68 59
48 72
54 33
8 8
2 43
28 25
31 6
53 38
38 7
69 70
20 55
61 62
73 15
38 24
65 26
79 7
19 49
69 8
4 59
58 54
32 20
1 59
39 11
13 77
80 8
80 70
79 16
7 13
73 36
4 18
75 9
19 16
48 46
16 6
12 78
5 59
80 20
60 76
67 16
75 76
18 33
1 34
75 49
21 77
35 77
23 49
63 73
58 77
46 39
78 18
48 50
53 53
18 14
33 42
63 62
24 53
38 47
51 59
20 17
31 39
4 63
15 38
57 58
16 33
59 61
6 2
16 63
24 70
46 1
26 25
21 23
8 45
70 1
58 48
45 73
68 69
40 15
21 7
37 31
30 28
31 7
54 78
42 9
7 9
74 23
69 61
75 71
73 72
30 81
15 69
61 26
70 32
78 13
50 10
41 6
27 53
1 58
57 37
1 78
47 58
16 72
30 59
67 24
51 61
6 33
52 52
15 72
80 23
53 65
17 15
53 14
63 66
29 23
23 6
47 17
1 52
52 77
3 58
49 33
20 72
24 23
1 49
34 81
42 59
10 38
80 56
76 29
34 33
50 54
32 53
26 74
23 80
44 58
38 23
5 44
61 14
72 58
37 7
13 70
63 40
73 74
26 59
17 3
67 35
46 45
80 29
76 12
73 35
15 34
43 30
37 2
69 51
33 51
60 30
59 59
48 79
67 2
20 20
57 64
18 12
38 26
18 77
35 22
74 14
7 30
64 18
11 15
16 73
60 12
4 23
22 26
11 33
2 22
15 78
47 73
76 61
39 69
33 32
79 38
15 18
26 69
22 11
28 15
42 35
38 39
81 6
43 42
41 9
79 46
46 16
7 15
47 26
25 50
26 21
44 55
48 67
74 21
73 58
42 6
55 75
36 1
25 31
46 4
15 51
72 51
1 23
53 23
64 9
54 19
32 7
6 61
70 37
6 35
4 20
66 28
10 61
43 18
72 56
17 14
73 70
23 14
3 29
9 56
26 64
51 12
29 33
8 44
8 39
6 54
18 34
5 51
48 34
38 67
17 55
64 28
44 20
27 13
68 52
39 19
14 16
78 44
2 9
36 78
42 71
72 18
77 30
42 36
17 41
9 50
24 76
64 44
75 40
2 68
68 77
2 69
9 76
79 36
31 57
76 38
22 58
35 7
57 24
33 49
50 56
64 39
56 54
64 62
81 77
46 77
73 29
46 79
58 23
41 65
9 78
38 36
81 18
23 56
76 11
48 47
51 5
65 36
24 24
81 51
55 11
38 32
80 73
10 35
2 61
30 27
16 64
66 51
57 49
21 44
27 17
47 34
44 64
27 14
48 21
64 6
37 8
74 7
1 41
26 19
47 65
31 37
16 53
51 67
78 3
7 58
19 74
28 28
66 2
24 68
21 71
4 72
56 24
80 30
18 43
57 30
65 38
45 45
44 32
35 23
28 20
18 50
64 17
67 60
17 28
63 16
2 41
56 31
64 73
66 5
59 39
45 64
31 20
16 47
10 19
28 59
25 72
7 23
10 46
61 30
56 47
12 57
16 55
45 61
47 32
45 7
9 14
59 22
44 46
26 81
27 39
49 81
24 50
15 57
28 55
8 24
47 12
4 51
64 31
25 3
67 40
4 29
17 68
54 66
54 55
76 70
16 78
47 14
65 79
27 16
32 51
48 61
19 66
41 12
50 8
50 65
4 74
8 2
16 52
40 27
60 15
7 41
79 9
42 63
22 76
26 9
56 35
51 29
37 21
38 57
19 42
4 80
2 10
78 73
80 19
1 7
41 37
58 78
70 52
26 63
38 31
79 60
9 27
26 39
52 30
21 29
7 29
6 26
77 20
66 6
47 3
31 34
15 15
32 36
36 25
20 41
43 72
37 30
32 15
48 16
75 23
14 24
78 71
25 61
53 8
60 81
10 76
44 48
6 81
34 78
50 77
23 57
8 54
70 38
44 34
70 58
74 76
62 11
5 74
14 13
30 14
40 68
60 18
32 63
6 8
29 56
52 5
38 5
62 41
76 42
18 49
70 2
10 34
80 44
38 69
58 41
80 15
6 63
17 36
66 30
15 13
27 68
18 53
47 70
39 68
33 69
65 35
51 11
32 60
15 61
37 77
40 52
70 31
11 62
4 54
79 12
33 19
79 65
13 17
36 76
67 13
72 47
3 26
12 61
75 77
74 34
19 1
48 6
78 59
80 21
23 22
13 1
49 43
36 5
18 58
43 14
65 74
34 66
31 63
66 27
66 42
71 23
12 52
63 25
3 62
71 51
50 25
23 55
62 17
54 70
8 74
61 11
51 51
9 33
10 31
50 41
48 29
73 16
18 39
23 13
55 33
74 53
41 68
38 29
52 22
80 68
71 41
23 11
47 78
42 48
15 50
40 58
49 80
31 15
52 27
33 66
55 41
67 4
70 68
5 35
43 44
74 12
57 67
29 13
62 44
27 59
65 53
70 49
12 77
53 7
30 3
2 73
63 17
46 55
6 52
45 1
53 41
31 55
4 22
51 64
38 72
64 65
47 62
30 73
30 63
17 46
54 62
68 25
52 23
39 25
25 43
60 31
34 30
50 29
63 74
10 77
14 38
13 4
61 49
36 56
44 16
14 1
31 71
28 48
56 12
56 63
15 1
64 78
70 64
29 27
75 50
58 17
17 42
72 34
15 4
63 23
58 20
31 42
42 69
61 59
30 43
31 31
77 55
20 3
63 78
6 41
1 17
48 58
26 51
38 71
63 61
78 40
17 61
8 46
14 57
64 14
77 2
4 42
58 44
62 51
21 24
75 33
11 70
60 14
18 63
79 63
48 42
1 43
27 35
61 60
50 51
49 37
51 50
80 14
49 53
34 22
25 23
11 17
65 62
57 76
35 26
22 47
58 73
23 17
16 42
29 14
26 27
7 26
69 34
60 7
16 10
57 72
25 60
2 6
54 58
71 52
81 56
27 18
39 3
37 65
67 55
28 53
67 33
51 73
79 21
17 4
68 7
24 75
53 13
44 3
4 52
42 75
53 36
12 51
24 56
63 21
23 33
5 79
22 14
15 21
28 69
53 74
52 55
4 12
78 78
67 49
55 61
17 40
58 11
50 62
4 77
11 39
22 18
37 71
63 75
28 5
72 43
9 73
81 17
37 9
46 15
18 44
9 51
4 1
1 46
67 1
66 64
75 68
67 5
65 67
69 30
27 79
44 57
5 29
28 74
20 12
69 65
29 17
68 63
45 33
20 61
73 55
44 8
81 23
34 12
25 53
2 8
58 7
75 42
12 47
42 16
78 9
68 58
73 24
16 71
42 5
35 66
63 3
55 9
4 14
54 3
66 18
63 51
23 23
33 43
11 51
12 67
9 63
38 40
16 67
19 47
66 39
24 63
32 17
23 28
35 17
36 39
54 29
31 52
61 58
3 36
46 68
55 80
76 64
67 68
53 61
24 60
3 66
43 28
67 6
80 52
29 29
46 24
80 77
50 18
36 11
44 4
55 5
44 70
40 17
33 18
38 66
73 38
58 55
31 38
57 44
71 18
18 42
52 19
72 9
81 57
45 40
45 20
20 66
81 27
13 40
36 44
10 6
68 28
30 52
78 64
5 30
8 16
38 65
36 50
30 70
68 53
69 77
38 51
38 50
26 5
71 64
76 14
37 73
67 54
75 32
17 77
13 22
50 70
29 51
75 48
20 18
54 81
53 30
77 34
70 80
34 59
21 50
33 13
42 64
59 35
75 36
28 13
75 16
22 68
62 21
44 56
47 52
30 44
63 26
29 67
62 55
12 27
12 42
18 40
41 64
68 33
64 23
32 57
56 34
35 40
75 73
41 35
59 32
5 28
65 20
56 62
30 54
45 12
7 74
37 4
56 50
62 42
73 77
33 75
27 26
6 37
80 28
74 31
64 68
13 10
63 69
61 43
73 28
41 69
73 3
12 38
81 43
46 65
3 65
77 3
27 24
63 10
64 79
13 75
79 54
26 44
19 38
35 65
55 45
23 2
36 20
75 20
20 71
69 36
73 80
1 79
76 73
12 40
41 72
9 25
41 15
22 6
71 9
19 59
74 54
70 19
38 62
60 49
18 30
5 15
21 37
39 62
75 58
57 80
12 74
31 13
11 77
60 59
69 15
18 16
80 24
17 48
20 78
60 66
53 73
41 42
6 32
68 71
21 79
49 47
8 52
37 67
4 69
81 20
55 73
4 56
11 57
65 81
52 29
16 59
40 76
23 34
79 45
34 68
77 45
81 72
4 27
81 25
13 24
39 12
9 48
31 36
51 49
29 16
40 8
41 14
50 6
79 5
17 74
81 4
35 67
52 44
72 35
69 33
41 40
30 7
6 25
14 14
57 6
78 52
68 36
75 74
37 80
70 70
1 10
5 57
7 77
64 1
21 70
16 7
41 67
1 38
1 8
24 29
56 40
42 10
11 30
58 27
21 81
80 42
56 9
48 17
56 57
28 22
7 81
57 33
28 18
7 68
17 17
15 29
10 11
78 75
41 19
26 22
9 13
68 12
38 30
47 25
9 39
32 42
78 54
57 26
61 7
22 44
77 65
77 80
6 78
21 14
5 25
22 48
13 76
29 35
60 52
1 22
72 7
52 33
51 31
77 15
23 77
56 17
73 81
45 8
4 57
36 41
35 61
53 6
3 32
53 16
3 70
18 62
2 4
19 44
40 53
16 28
37 76
17 63
16 31
50 63
18 22
4 79
22 66
81 79
32 50
19 25
1 9
65 51
56 15
37 37
6 80
43 40
42 25
47 64
29 79
70 57
70 9
72 69
21 43
58 26
51 54
60 48
22 35
31 32
74 35
13 71
22 4
13 23
39 16
71 75
75 67
72 24
56 19
2 59
21 51
48 3
4 64
36 51
51 17
5 24
19 62
45 29
7 54
76 58
44 43
48 24
22 12
63 68
79 58
8 65
32 55
15 10
64 48
3 3
34 67
58 37
56 39
76 80
37 51
58 51
40 33
56 7
30 55
12 4
56 65
17 34
50 48
2 66
5 14
29 7
53 11
79 51
75 29
65 52
62 29
20 62
23 61
16 54
19 10
48 5
13 67
81 1
74 77
42 46
17 35
1 16
10 54
14 74
71 13
22 30
58 29
24 22
75 19
22 34
21 32
44 61
70 17
56 37
70 61
10 66
15 43
35 78
78 56
4 37
46 44
68 20
36 24
72 70
31 9
70 21
47 77
6 74
24 46
58 56
61 64
4 33
11 59
46 54
74 57
53 44
51 16
48 45
79 31
39 55
46 6
25 75
28 51
38 3
20 57
27 67
18 24
10 5
39 17
5 54
47 72
33 55
10 43
38 25
23 75
78 61
12 59
50 60
43 15
48 80
51 41
54 30
77 68
14 69
63 54
23 4
17 20
64 43
34 35
26 1
8 28
78 70
41 45
40 29
73 66
21 42
72 26
50 15
37 64
43 21
64 70
68 65
9 62
12 30
4 2
26 53
33 78
62 4
15 80
12 43
2 38
3 42
36 38
76 43
31 26
34 42
51 37
45 79
22 75
31 64
40 61
29 36
48 8
30 9
36 8
1 12
36 54
12 66
49 49
20 4
47 45
3 73
65 24
11 60
45 44
34 20
35 51
72 81
39 38
17 80
26 17
16 3
81 71
70 73
15 73
29 12
75 10
30 19
80 39
74 79
76 79
28 30
40 30
58 60
78 42
64 7
5 48
80 55
53 56
20 63
79 80
30 49
11 13
62 10
67 43
67 58
50 52
15 59
22 61
35 32
1 37
17 71
56 80
55 79
8 36
41 56
53 63
63 35
44 18
55 6
81 8
40 46
44 50
79 4
62 30
24 79
55 63
56 45
49 65
12 11
72 79
10 20
68 40
1 80
71 17
46 48
72 73
15 22
77 58
21 11
1 32
66 72
9 42
76 20
16 8
52 78
22 33
28 8
9 8
21 45
67 12
50 35
45 35
77 43
27 12
16 26
48 65
72 50
59 68
35 38
72 71
30 36
71 42
9 69
28 16
51 48
77 56
28 65
27 33
51 53
72 64
40 81
4 70
52 72
65 33
54 41
22 28
27 64
81 5
47 10
43 73
79 17
14 10
35 6
6 11
72 72
57 40
76 17
29 42
24 49
57 65
69 55
15 67
53 9
49 8
71 72
38 79
61 29
63 52
30 31
45 74
38 43
32 6
69 14
56 71
15 26
33 70
34 69
59 33
28 47
74 2
18 69
13 50
11 46
50 58
81 9
4 47
43 25
79 18
54 27
5 9
51 4
68 31
54 15
10 59
20 39
4 78
77 44
13 36
36 58
73 41
81 60
8 40
54 45
27 49
79 1
80 12
29 78
43 50
36 22
10 45
1 36
62 62
12 60
27 60
63 5
71 65
76 57
31 23
68 72
50 33
3 14
72 40
33 37
24 18
34 45
53 77
52 51
52 62
34 73
44 63
50 31
19 39
23 62
43 61
54 63
14 7
73 44
3 10
15 55
33 14
43 80
15 77
16 81
37 29
73 33
37 75
63 80
31 22
43 4
66 11
40 71
18 74
14 6
37 46
34 46
58 45
34 63
1 19
22 38
70 8
26 15
15 75
37 36
42 70
78 60
19 7
55 60
6 27
75 54
61 80
52 4
5 18
76 56
19 77
15 7
37 70
46 5
49 58
17 57
15 64
79 43
30 75
68 3
78 4
52 69
60 2
80 66
28 64
65 65
6 75
35 49
39 42
79 71
70 28
60 80
35 70
18 81
58 50
78 37
1 20
77 22
61 47
8 62
71 48
39 40
14 33
3 69
55 51
20 35
32 59
40 2
71 53
27 7
21 53
56 77
65 4
53 12
35 10
14 42
62 36
72 63
43 69
51 23
10 75
49 67
5 49
60 63
62 46
71 70
64 20
57 22
29 5
9 18
29 61
48 57
67 53
55 58
54 56
75 1
78 50
39 63
24 3
67 38
7 34
32 35
73 48
57 71
61 38
45 54
7 38
50 59
3 21
35 60
4 24
48 15
15 2
25 46
67 11
33 21
3 16
49 78
15 46
30 68
28 54
41 46
31 10
47 30
39 31
75 6
2 28
25 45
59 25
7 35
54 24
61 20
57 47
67 18
45 11
3 18
64 12
50 55
74 33
76 60
5 41
59 41
23 63
22 24
6 53
16 43
1 21
63 12
5 5
74 64
47 36
68 19
21 59
21 65
35 76
22 46
6 58
9 3
67 81
15 66
71 6
39 5
66 61
17 58
48 19
57 36
45 34
70 77
30 40
50 49
32 75
76 75
74 72
3 23
4 45
59 53
13 31
36 63
44 38
43 78
81 47
15 58
80 25
23 5
37 44
32 3
28 26
28 61
71 71
48 75
81 28
57 23
62 75
7 7
34 40
66 36
59 64
39 21
14 21
70 13
14 48
19 20
16 25
70 75
38 13
31 11
31 66
76 6
66 43
45 63
52 58
2 2
78 67
25 52
45 26
48 40
9 52
16 65
56 56
29 4
66 26
72 65
40 55
55 56
80 79
13 62
9 68
61 74
34 4
9 72
23 35
44 60
55 64
65 75
33 40
25 41
41 8
4 26
7 10
68 81
52 67
25 55
64 69
50 12
73 78
66 75
4 44
69 9
1 72
71 80
55 24
42 57
18 11
65 21
4 81
70 42
52 74
80 34
10 15
41 50
44 41
9 70
11 50
58 67
54 76
20 81
3 55
76 40
2 57
74 62
45 9
22 54
31 44
29 53
70 35
63 67
31 47
75 13
44 75
15 44
68 23
42 47
15 20
20 2
62 61
30 25
57 75
33 74
78 47
48 32
57 14
53 34
35 14
18 7
59 46
33 50
40 19
72 66
27 62
61 72
33 71
68 54
56 14
50 38
42 13
73 27
6 57
26 38
50 16
76 31
5 46
33 44
63 4
40 7
55 13
71 68
78 45
6 71
48 25
20 15
60 40
73 17
21 62
57 59
55 62
16 51
70 3
62 15
68 78
12 34
69 49
18 28
26 40
21 35
8 76
64 56
49 2
78 26
42 3
25 16
44 47
63 55
79 35
34 5
69 2
74 74
21 54
22 13
73 68
22 15
29 9
20 79
