300 2100
1 1
300 1
300 300
1 300
1 2
299 1
300 299
2 300
1 3
298 1
300 298
3 300
1 4
297 1
300 297
4 300
1 5
296 1
300 296
5 300
1 6
295 1
300 295
6 300
1 7
294 1
300 294
7 300
1 8
293 1
300 293
8 300
1 9
292 1
300 292
9 300
1 10
291 1
300 291
10 300
1 11
290 1
300 290
11 300
1 12
289 1
300 289
12 300
1 13
288 1
300 288
13 300
1 14
287 1
300 287
14 300
1 15
286 1
300 286
15 300
1 16
285 1
300 285
16 300
1 17
284 1
300 284
17 300
1 18
283 1
300 283
18 300
1 19
282 1
300 282
19 300
1 20
281 1
300 281
20 300
1 21
280 1
300 280
21 300
1 22
279 1
300 279
22 300
1 23
278 1
300 278
23 300
1 24
277 1
300 277
24 300
1 25
276 1
300 276
25 300
1 26
275 1
300 275
26 300
1 27
274 1
300 274
27 300
1 28
273 1
300 273
28 300
1 29
272 1
300 272
29 300
1 30
271 1
300 271
30 300
1 31
270 1
300 270
31 300
1 32
269 1
300 269
32 300
1 33
268 1
300 268
33 300
1 34
267 1
300 267
34 300
1 35
266 1
300 266
35 300
1 36
265 1
300 265
36 300
1 37
264 1
300 264
37 300
1 38
263 1
300 263
38 300
1 39
262 1
300 262
39 300
1 40
261 1
300 261
40 300
1 41
260 1
300 260
41 300
1 42
259 1
300 259
42 300
1 43
258 1
300 258
43 300
1 44
257 1
300 257
44 300
1 45
256 1
300 256
45 300
1 46
255 1
300 255
46 300
1 47
254 1
300 254
47 300
1 48
253 1
300 253
48 300
1 49
252 1
300 252
49 300
1 50
251 1
300 251
50 300
1 51
250 1
300 250
51 300
1 52
249 1
300 249
52 300
1 53
248 1
300 248
53 300
1 54
247 1
300 247
54 300
1 55
246 1
300 246
55 300
1 56
245 1
300 245
56 300
1 57
244 1
300 244
57 300
1 58
243 1
300 243
58 300
1 59
242 1
300 242
59 300
1 60
241 1
300 241
60 300
1 61
240 1
300 240
61 300
1 62
239 1
300 239
62 300
1 63
238 1
300 238
63 300
1 64
237 1
300 237
64 300
1 65
236 1
300 236
65 300
1 66
235 1
300 235
66 300
1 67
234 1
300 234
67 300
1 68
233 1
300 233
68 300
1 69
232 1
300 232
69 300
1 70
231 1
300 231
70 300
1 71
230 1
300 230
71 300
1 72
229 1
300 229
72 300
1 73
228 1
300 228
73 300
1 74
227 1
300 227
74 300
1 75
226 1
300 226
75 300
1 76
225 1
300 225
76 300
1 77
224 1
300 224
77 300
1 78
223 1
300 223
78 300
1 79
222 1
300 222
79 300
1 80
221 1
300 221
80 300
1 81
220 1
300 220
81 300
1 82
219 1
300 219
82 300
1 83
218 1
300 218
83 300
1 84
217 1
300 217
84 300
1 85
216 1
300 216
85 300
1 86
215 1
300 215
86 300
1 87
214 1
300 214
87 300
1 88
213 1
300 213
88 300
1 89
212 1
300 212
89 300
1 90
211 1
300 211
90 300
1 91
210 1
300 210
91 300
1 92
209 1
300 209
92 300
1 93
208 1
300 208
93 300
1 94
207 1
300 207
94 300
1 95
206 1
300 206
95 300
1 96
205 1
300 205
96 300
1 97
204 1
300 204
97 300
1 98
203 1
300 203
98 300
1 99
202 1
300 202
99 300
1 100
201 1
300 201
100 300
1 101
200 1
300 200
101 300
1 102
199 1
300 199
102 300
1 103
198 1
300 198
103 300
1 104
197 1
300 197
104 300
1 105
196 1
300 196
105 300
1 106
195 1
300 195
106 300
1 107
194 1
300 194
107 300
1 108
193 1
300 193
108 300
1 109
192 1
300 192
109 300
1 110
191 1
300 191
110 300
1 111
190 1
300 190
111 300
1 112
189 1
300 189
112 300
1 113
188 1
300 188
113 300
1 114
187 1
300 187
114 300
1 115
186 1
300 186
115 300
1 116
185 1
300 185
116 300
1 117
184 1
300 184
117 300
1 118
183 1
300 183
118 300
1 119
182 1
300 182
119 300
1 120
181 1
300 181
120 300
1 121
180 1
300 180
121 300
1 122
179 1
300 179
122 300
1 123
178 1
300 178
123 300
1 124
177 1
300 177
124 300
1 125
176 1
300 176
125 300
1 126
175 1
300 175
126 300
1 127
174 1
300 174
127 300
1 128
173 1
300 173
128 300
1 129
172 1
300 172
129 300
1 130
171 1
300 171
130 300
1 131
170 1
300 170
131 300
1 132
169 1
300 169
132 300
1 133
168 1
300 168
133 300
1 134
167 1
300 167
134 300
1 135
166 1
300 166
135 300
1 136
165 1
300 165
136 300
1 137
164 1
300 164
137 300
1 138
163 1
300 163
138 300
1 139
162 1
300 162
139 300
1 140
161 1
300 161
140 300
1 141
160 1
300 160
141 300
1 142
159 1
300 159
142 300
1 143
158 1
300 158
143 300
1 144
157 1
300 157
144 300
1 145
156 1
300 156
145 300
1 146
155 1
300 155
146 300
1 147
154 1
300 154
147 300
1 148
153 1
300 153
148 300
1 149
152 1
300 152
149 300
1 150
151 1
300 151
150 300
1 151
150 1
300 150
151 300
1 152
149 1
300 149
152 300
1 153
148 1
300 148
153 300
1 154
147 1
300 147
154 300
1 155
146 1
300 146
155 300
1 156
145 1
300 145
156 300
1 157
144 1
300 144
157 300
1 158
143 1
300 143
158 300
1 159
142 1
300 142
159 300
1 160
141 1
300 141
160 300
1 161
140 1
300 140
161 300
1 162
139 1
300 139
162 300
1 163
138 1
300 138
163 300
1 164
137 1
300 137
164 300
1 165
136 1
300 136
165 300
1 166
135 1
300 135
166 300
1 167
134 1
300 134
167 300
1 168
133 1
300 133
168 300
1 169
132 1
300 132
169 300
1 170
131 1
300 131
170 300
1 171
130 1
300 130
171 300
1 172
129 1
300 129
172 300
1 173
128 1
300 128
173 300
1 174
127 1
300 127
174 300
1 175
126 1
300 126
175 300
1 176
125 1
300 125
176 300
1 177
124 1
300 124
177 300
1 178
123 1
300 123
178 300
1 179
122 1
300 122
179 300
1 180
121 1
300 121
180 300
1 181
120 1
300 120
181 300
1 182
119 1
300 119
182 300
1 183
118 1
300 118
183 300
1 184
117 1
300 117
184 300
1 185
116 1
300 116
185 300
1 186
115 1
300 115
186 300
1 187
114 1
300 114
187 300
1 188
113 1
300 113
188 300
1 189
112 1
300 112
189 300
1 190
111 1
300 111
190 300
1 191
110 1
300 110
191 300
1 192
109 1
300 109
192 300
1 193
108 1
300 108
193 300
1 194
107 1
300 107
194 300
1 195
106 1
300 106
195 300
1 196
105 1
300 105
196 300
1 197
104 1
300 104
197 300
1 198
103 1
300 103
198 300
1 199
102 1
300 102
199 300
1 200
101 1
300 101
200 300
1 201
100 1
300 100
201 300
1 202
99 1
300 99
202 300
1 203
98 1
300 98
203 300
1 204
97 1
300 97
204 300
1 205
96 1
300 96
205 300
1 206
95 1
300 95
206 300
1 207
94 1
300 94
207 300
1 208
93 1
300 93
208 300
1 209
92 1
300 92
209 300
1 210
91 1
300 91
210 300
1 211
90 1
300 90
211 300
1 212
89 1
300 89
212 300
1 213
88 1
300 88
213 300
1 214
87 1
300 87
214 300
1 215
86 1
300 86
215 300
1 216
85 1
300 85
216 300
1 217
84 1
300 84
217 300
1 218
83 1
300 83
218 300
1 219
82 1
300 82
219 300
1 220
81 1
300 81
220 300
1 221
80 1
300 80
221 300
1 222
79 1
300 79
222 300
1 223
78 1
300 78
223 300
1 224
77 1
300 77
224 300
1 225
76 1
300 76
225 300
1 226
75 1
300 75
226 300
1 227
74 1
300 74
227 300
1 228
73 1
300 73
228 300
1 229
72 1
300 72
229 300
1 230
71 1
300 71
230 300
1 231
70 1
300 70
231 300
1 232
69 1
300 69
232 300
1 233
68 1
300 68
233 300
1 234
67 1
300 67
234 300
1 235
66 1
300 66
235 300
1 236
65 1
300 65
236 300
1 237
64 1
300 64
237 300
1 238
63 1
300 63
238 300
1 239
62 1
300 62
239 300
1 240
61 1
300 61
240 300
1 241
60 1
300 60
241 300
1 242
59 1
300 59
242 300
1 243
58 1
300 58
243 300
1 244
57 1
300 57
244 300
1 245
56 1
300 56
245 300
1 246
55 1
300 55
246 300
1 247
54 1
300 54
247 300
1 248
53 1
300 53
248 300
1 249
52 1
300 52
249 300
1 250
51 1
300 51
250 300
1 251
50 1
300 50
251 300
1 252
49 1
300 49
252 300
1 253
48 1
300 48
253 300
1 254
47 1
300 47
254 300
1 255
46 1
300 46
255 300
1 256
45 1
300 45
256 300
1 257
44 1
300 44
257 300
1 258
43 1
300 43
258 300
1 259
42 1
300 42
259 300
1 260
41 1
300 41
260 300
1 261
40 1
300 40
261 300
1 262
39 1
300 39
262 300
1 263
38 1
300 38
263 300
1 264
37 1
300 37
264 300
1 265
36 1
300 36
265 300
1 266
35 1
300 35
266 300
1 267
34 1
300 34
267 300
1 268
33 1
300 33
268 300
1 269
32 1
300 32
269 300
1 270
31 1
300 31
270 300
1 271
30 1
300 30
271 300
1 272
29 1
300 29
272 300
1 273
28 1
300 28
273 300
1 274
27 1
300 27
274 300
1 275
26 1
300 26
275 300
1 276
25 1
300 25
276 300
1 277
24 1
300 24
277 300
1 278
23 1
300 23
278 300
1 279
22 1
300 22
279 300
1 280
21 1
300 21
280 300
1 281
20 1
300 20
281 300
1 282
19 1
300 19
282 300
1 283
18 1
300 18
283 300
1 284
17 1
300 17
284 300
1 285
16 1
300 16
285 300
1 286
15 1
300 15
286 300
1 287
14 1
300 14
287 300
1 288
13 1
300 13
288 300
1 289
12 1
300 12
289 300
1 290
11 1
300 11
290 300
1 291
10 1
300 10
291 300
1 292
9 1
300 9
292 300
1 293
8 1
300 8
293 300
1 294
7 1
300 7
294 300
1 295
6 1
300 6
295 300
1 296
5 1
300 5
296 300
1 297
4 1
300 4
297 300
1 298
3 1
300 3
298 300
1 299
2 1
300 2
299 300
2 150
151 2
299 151
150 299
3 149
152 3
298 152
149 298
4 148
153 4
297 153
148 297
5 147
154 5
296 154
147 296
6 146
155 6
295 155
146 295
7 145
156 7
294 156
145 294
8 144
157 8
293 157
144 293
9 143
158 9
292 158
143 292
10 142
159 10
291 159
142 291
11 141
160 11
290 160
141 290
12 140
161 12
289 161
140 289
13 139
162 13
288 162
139 288
14 138
163 14
287 163
138 287
15 137
164 15
286 164
137 286
16 136
165 16
285 165
136 285
17 135
166 17
284 166
135 284
18 134
167 18
283 167
134 283
19 133
168 19
282 168
133 282
20 132
169 20
281 169
132 281
21 131
170 21
280 170
131 280
22 130
171 22
279 171
130 279
23 129
172 23
278 172
129 278
24 128
173 24
277 173
128 277
25 127
174 25
276 174
127 276
26 126
175 26
275 175
126 275
27 125
176 27
274 176
125 274
28 124
177 28
273 177
124 273
29 123
178 29
272 178
123 272
30 122
179 30
271 179
122 271
31 121
180 31
270 180
121 270
32 120
181 32
269 181
120 269
33 119
182 33
268 182
119 268
34 118
183 34
267 183
118 267
35 117
184 35
266 184
117 266
36 116
185 36
265 185
116 265
37 115
186 37
264 186
115 264
38 114
187 38
263 187
114 263
39 113
188 39
262 188
113 262
40 112
189 40
261 189
112 261
41 111
190 41
260 190
111 260
42 110
191 42
259 191
110 259
43 109
192 43
258 192
109 258
44 108
193 44
257 193
108 257
45 107
194 45
256 194
107 256
46 106
195 46
255 195
106 255
47 105
196 47
254 196
105 254
48 104
197 48
253 197
104 253
49 103
198 49
252 198
103 252
50 102
199 50
251 199
102 251
51 101
200 51
250 200
101 250
52 100
201 52
249 201
100 249
53 99
202 53
248 202
99 248
54 98
203 54
247 203
98 247
55 97
204 55
246 204
97 246
56 96
205 56
245 205
96 245
57 95
206 57
244 206
95 244
58 94
207 58
243 207
94 243
59 93
208 59
242 208
93 242
60 92
209 60
241 209
92 241
61 91
210 61
240 210
91 240
62 90
211 62
239 211
90 239
63 89
212 63
238 212
89 238
64 88
213 64
237 213
88 237
65 87
214 65
236 214
87 236
66 86
215 66
235 215
86 235
67 85
216 67
234 216
85 234
68 84
217 68
233 217
84 233
69 83
218 69
232 218
83 232
70 82
219 70
231 219
82 231
71 81
220 71
230 220
81 230
72 80
221 72
229 221
80 229
73 79
222 73
228 222
79 228
74 78
223 74
227 223
78 227
75 77
224 75
226 224
77 226
76 76
225 76
225 225
76 225
77 75
226 77
224 226
75 224
78 74
227 78
223 227
74 223
79 73
228 79
222 228
73 222
80 72
229 80
221 229
72 221
81 71
230 81
220 230
71 220
82 70
231 82
219 231
70 219
83 69
232 83
218 232
69 218
84 68
233 84
217 233
68 217
85 67
234 85
216 234
67 216
86 66
235 86
215 235
66 215
87 65
236 87
214 236
65 214
88 64
237 88
213 237
64 213
89 63
238 89
212 238
63 212
90 62
239 90
211 239
62 211
91 61
240 91
210 240
61 210
92 60
241 92
209 241
60 209
93 59
242 93
208 242
59 208
94 58
243 94
207 243
58 207
95 57
244 95
206 244
57 206
96 56
245 96
205 245
56 205
97 55
246 97
204 246
55 204
98 54
247 98
203 247
54 203
99 53
248 99
202 248
53 202
100 52
249 100
201 249
52 201
101 51
250 101
200 250
51 200
102 50
251 102
199 251
50 199
103 49
252 103
198 252
49 198
104 48
253 104
197 253
48 197
105 47
254 105
196 254
47 196
106 46
255 106
195 255
46 195
107 45
256 107
194 256
45 194
108 44
257 108
193 257
44 193
109 43
258 109
192 258
43 192
110 42
259 110
191 259
42 191
111 41
260 111
190 260
41 190
112 40
261 112
189 261
40 189
113 39
262 113
188 262
39 188
114 38
263 114
187 263
38 187
115 37
264 115
186 264
37 186
116 36
265 116
185 265
36 185
117 35
266 117
184 266
35 184
118 34
267 118
183 267
34 183
119 33
268 119
182 268
33 182
120 32
269 120
181 269
32 181
121 31
270 121
180 270
31 180
122 30
271 122
179 271
30 179
123 29
272 123
178 272
29 178
124 28
273 124
177 273
28 177
125 27
274 125
176 274
27 176
126 26
275 126
175 275
26 175
127 25
276 127
174 276
25 174
128 24
277 128
173 277
24 173
129 23
278 129
172 278
23 172
130 22
279 130
171 279
22 171
131 21
280 131
170 280
21 170
132 20
281 132
169 281
20 169
133 19
282 133
168 282
19 168
134 18
283 134
167 283
18 167
135 17
284 135
166 284
17 166
136 16
285 136
165 285
16 165
137 15
286 137
164 286
15 164
138 14
287 138
163 287
14 163
139 13
288 139
162 288
13 162
140 12
289 140
161 289
12 161
141 11
290 141
160 290
11 160
142 10
291 142
159 291
10 159
143 9
292 143
158 292
9 158
144 8
293 144
157 293
8 157
145 7
294 145
156 294
7 156
146 6
295 146
155 295
6 155
147 5
296 147
154 296
5 154
148 4
297 148
153 297
4 153
149 3
298 149
152 298
3 152
150 2
299 150
151 299
2 151
9 83
33 232
108 287
267 2
291 68
36 228
247 88
184 12
264 296
108 262
243 13
282 278
298 188
251 29
8 61
48 268
244 47
20 178
142 5
84 58
177 18
292 227
68 243
206 19
249 221
15 126
276 218
253 67
18 34
215 38
202 35
293 43
233 2
14 122
87 18
116 26
264 294
4 271
243 266
130 5
23 90
287 263
106 25
49 204
250 219
45 69
2 122
62 53
13 175
2 244
240 71
295 82
215 254
297 41
43 41
219 288
44 28
275 102
71 261
293 198
102 27
45 96
5 132
41 249
37 285
293 158
57 221
56 245
59 32
292 286
291 87
206 248
16 294
273 265
216 11
287 226
68 26
215 10
258 32
68 23
58 256
298 257
208 274
296 39
20 216
250 7
4 209
37 111
266 27
19 44
38 284
292 96
261 196
44 201
107 287
226 269
288 218
89 256
295 143
46 83
67 39
93 244
35 243
24 119
226 75
59 83
280 250
195 286
221 236
92 252
293 161
206 298
28 21
291 78
69 228
276 257
286 71
99 279
44 258
210 52
284 74
225 27
103 254
290 167
19 120
246 3
261 68
248 233
46 13
218 27
275 297
3 182
255 49
292 71
15 80
289 197
263 51
252 39
34 292
292 18
38 287
87 239
290 207
184 17
286 45
289 134
189 284
26 209
20 255
166 15
12 65
179 17
59 274
25 258
2 269
46 292
219 49
12 71
272 37
272 225
12 82
293 176
93 54
50 6
94 267
281 202
112 28
131 7
269 75
209 37
294 218
55 68
289 196
85 62
46 198
2 143
287 3
95 265
234 56
258 18
172 287
108 19
9 257
204 257
283 168
119 282
205 11
266 115
116 284
227 229
283 215
72 30
65 283
16 131
6 172
189 4
41 228
271 38
214 37
243 55
37 271
39 27
50 267
71 263
74 44
15 201
229 289
274 268
284 61
85 28
216 27
225 271
199 32
242 245
88 48
128 12
184 30
196 285
258 248
26 241
38 37
66 270
212 56
62 217
75 239
262 193
2 174
121 20
42 238
78 13
11 83
97 42
34 20
80 255
266 249
50 40
49 5
17 58
37 96
200 285
273 2
35 212
293 117
271 32
43 43
287 106
58 11
35 222
228 50
6 213
75 262
24 291
11 81
251 31
106 293
234 240
274 263
291 48
242 51
66 261
60 258
94 14
43 257
284 212
7 99
267 84
286 18
226 286
198 273
275 217
89 38
227 298
234 5
179 292
15 269
262 6
194 277
37 193
182 293
229 282
65 61
15 16
237 221
64 222
239 257
255 66
26 298
230 249
40 269
29 259
6 84
7 204
76 252
63 71
255 80
53 215
193 281
46 227
181 279
22 286
105 20
291 136
294 50
88 12
91 262
32 43
220 297
97 7
