1500 10500
1 1
1500 1
1500 1500
1 1500
1 2
1499 1
1500 1499
2 1500
1 3
1498 1
1500 1498
3 1500
1 4
1497 1
1500 1497
4 1500
1 5
1496 1
1500 1496
5 1500
1 6
1495 1
1500 1495
6 1500
1 7
1494 1
1500 1494
7 1500
1 8
1493 1
1500 1493
8 1500
1 9
1492 1
1500 1492
9 1500
1 10
1491 1
1500 1491
10 1500
1 11
1490 1
1500 1490
11 1500
1 12
1489 1
1500 1489
12 1500
1 13
1488 1
1500 1488
13 1500
1 14
1487 1
1500 1487
14 1500
1 15
1486 1
1500 1486
15 1500
1 16
1485 1
1500 1485
16 1500
1 17
1484 1
1500 1484
17 1500
1 18
1483 1
1500 1483
18 1500
1 19
1482 1
1500 1482
19 1500
1 20
1481 1
1500 1481
20 1500
1 21
1480 1
1500 1480
21 1500
1 22
1479 1
1500 1479
22 1500
1 23
1478 1
1500 1478
23 1500
1 24
1477 1
1500 1477
24 1500
1 25
1476 1
1500 1476
25 1500
1 26
1475 1
1500 1475
26 1500
1 27
1474 1
1500 1474
27 1500
1 28
1473 1
1500 1473
28 1500
1 29
1472 1
1500 1472
29 1500
1 30
1471 1
1500 1471
30 1500
1 31
1470 1
1500 1470
31 1500
1 32
1469 1
1500 1469
32 1500
1 33
1468 1
1500 1468
33 1500
1 34
1467 1
1500 1467
34 1500
1 35
1466 1
1500 1466
35 1500
1 36
1465 1
1500 1465
36 1500
1 37
1464 1
1500 1464
37 1500
1 38
1463 1
1500 1463
38 1500
1 39
1462 1
1500 1462
39 1500
1 40
1461 1
1500 1461
40 1500
1 41
1460 1
1500 1460
41 1500
1 42
1459 1
1500 1459
42 1500
1 43
1458 1
1500 1458
43 1500
1 44
1457 1
1500 1457
44 1500
1 45
1456 1
1500 1456
45 1500
1 46
1455 1
1500 1455
46 1500
1 47
1454 1
1500 1454
47 1500
1 48
1453 1
1500 1453
48 1500
1 49
1452 1
1500 1452
49 1500
1 50
1451 1
1500 1451
50 1500
1 51
1450 1
1500 1450
51 1500
1 52
1449 1
1500 1449
52 1500
1 53
1448 1
1500 1448
53 1500
1 54
1447 1
1500 1447
54 1500
1 55
1446 1
1500 1446
55 1500
1 56
1445 1
1500 1445
56 1500
1 57
1444 1
1500 1444
57 1500
1 58
1443 1
1500 1443
58 1500
1 59
1442 1
1500 1442
59 1500
1 60
1441 1
1500 1441
60 1500
1 61
1440 1
1500 1440
61 1500
1 62
1439 1
1500 1439
62 1500
1 63
1438 1
1500 1438
63 1500
1 64
1437 1
1500 1437
64 1500
1 65
1436 1
1500 1436
65 1500
1 66
1435 1
1500 1435
66 1500
1 67
1434 1
1500 1434
67 1500
1 68
1433 1
1500 1433
68 1500
1 69
1432 1
1500 1432
69 1500
1 70
1431 1
1500 1431
70 1500
1 71
1430 1
1500 1430
71 1500
1 72
1429 1
1500 1429
72 1500
1 73
1428 1
1500 1428
73 1500
1 74
1427 1
1500 1427
74 1500
1 75
1426 1
1500 1426
75 1500
1 76
1425 1
1500 1425
76 1500
1 77
1424 1
1500 1424
77 1500
1 78
1423 1
1500 1423
78 1500
1 79
1422 1
1500 1422
79 1500
1 80
1421 1
1500 1421
80 1500
1 81
1420 1
1500 1420
81 1500
1 82
1419 1
1500 1419
82 1500
1 83
1418 1
1500 1418
83 1500
1 84
1417 1
1500 1417
84 1500
1 85
1416 1
1500 1416
85 1500
1 86
1415 1
1500 1415
86 1500
1 87
1414 1
1500 1414
87 1500
1 88
1413 1
1500 1413
88 1500
1 89
1412 1
1500 1412
89 1500
1 90
1411 1
1500 1411
90 1500
1 91
1410 1
1500 1410
91 1500
1 92
1409 1
1500 1409
92 1500
1 93
1408 1
1500 1408
93 1500
1 94
1407 1
1500 1407
94 1500
1 95
1406 1
1500 1406
95 1500
1 96
1405 1
1500 1405
96 1500
1 97
1404 1
1500 1404
97 1500
1 98
1403 1
1500 1403
98 1500
1 99
1402 1
1500 1402
99 1500
1 100
1401 1
1500 1401
100 1500
1 101
1400 1
1500 1400
101 1500
1 102
1399 1
1500 1399
102 1500
1 103
1398 1
1500 1398
103 1500
1 104
1397 1
1500 1397
104 1500
1 105
1396 1
1500 1396
105 1500
1 106
1395 1
1500 1395
106 1500
1 107
1394 1
1500 1394
107 1500
1 108
1393 1
1500 1393
108 1500
1 109
1392 1
1500 1392
109 1500
1 110
1391 1
1500 1391
110 1500
1 111
1390 1
1500 1390
111 1500
1 112
1389 1
1500 1389
112 1500
1 113
1388 1
1500 1388
113 1500
1 114
1387 1
1500 1387
114 1500
1 115
1386 1
1500 1386
115 1500
1 116
1385 1
1500 1385
116 1500
1 117
1384 1
1500 1384
117 1500
1 118
1383 1
1500 1383
118 1500
1 119
1382 1
1500 1382
119 1500
1 120
1381 1
1500 1381
120 1500
1 121
1380 1
1500 1380
121 1500
1 122
1379 1
1500 1379
122 1500
1 123
1378 1
1500 1378
123 1500
1 124
1377 1
1500 1377
124 1500
1 125
1376 1
1500 1376
125 1500
1 126
1375 1
1500 1375
126 1500
1 127
1374 1
1500 1374
127 1500
1 128
1373 1
1500 1373
128 1500
1 129
1372 1
1500 1372
129 1500
1 130
1371 1
1500 1371
130 1500
1 131
1370 1
1500 1370
131 1500
1 132
1369 1
1500 1369
132 1500
1 133
1368 1
1500 1368
133 1500
1 134
1367 1
1500 1367
134 1500
1 135
1366 1
1500 1366
135 1500
1 136
1365 1
1500 1365
136 1500
1 137
1364 1
1500 1364
137 1500
1 138
1363 1
1500 1363
138 1500
1 139
1362 1
1500 1362
139 1500
1 140
1361 1
1500 1361
140 1500
1 141
1360 1
1500 1360
141 1500
1 142
1359 1
1500 1359
142 1500
1 143
1358 1
1500 1358
143 1500
1 144
1357 1
1500 1357
144 1500
1 145
1356 1
1500 1356
145 1500
1 146
1355 1
1500 1355
146 1500
1 147
1354 1
1500 1354
147 1500
1 148
1353 1
1500 1353
148 1500
1 149
1352 1
1500 1352
149 1500
1 150
1351 1
1500 1351
150 1500
1 151
1350 1
1500 1350
151 1500
1 152
1349 1
1500 1349
152 1500
1 153
1348 1
1500 1348
153 1500
1 154
1347 1
1500 1347
154 1500
1 155
1346 1
1500 1346
155 1500
1 156
1345 1
1500 1345
156 1500
1 157
1344 1
1500 1344
157 1500
1 158
1343 1
1500 1343
158 1500
1 159
1342 1
1500 1342
159 1500
1 160
1341 1
1500 1341
160 1500
1 161
1340 1
1500 1340
161 1500
1 162
1339 1
1500 1339
162 1500
1 163
1338 1
1500 1338
163 1500
1 164
1337 1
1500 1337
164 1500
1 165
1336 1
1500 1336
165 1500
1 166
1335 1
1500 1335
166 1500
1 167
1334 1
1500 1334
167 1500
1 168
1333 1
1500 1333
168 1500
1 169
1332 1
1500 1332
169 1500
1 170
1331 1
1500 1331
170 1500
1 171
1330 1
1500 1330
171 1500
1 172
1329 1
1500 1329
172 1500
1 173
1328 1
1500 1328
173 1500
1 174
1327 1
1500 1327
174 1500
1 175
1326 1
1500 1326
175 1500
1 176
1325 1
1500 1325
176 1500
1 177
1324 1
1500 1324
177 1500
1 178
1323 1
1500 1323
178 1500
1 179
1322 1
1500 1322
179 1500
1 180
1321 1
1500 1321
180 1500
1 181
1320 1
1500 1320
181 1500
1 182
1319 1
1500 1319
182 1500
1 183
1318 1
1500 1318
183 1500
1 184
1317 1
1500 1317
184 1500
1 185
1316 1
1500 1316
185 1500
1 186
1315 1
1500 1315
186 1500
1 187
1314 1
1500 1314
187 1500
1 188
1313 1
1500 1313
188 1500
1 189
1312 1
1500 1312
189 1500
1 190
1311 1
1500 1311
190 1500
1 191
1310 1
1500 1310
191 1500
1 192
1309 1
1500 1309
192 1500
1 193
1308 1
1500 1308
193 1500
1 194
1307 1
1500 1307
194 1500
1 195
1306 1
1500 1306
195 1500
1 196
1305 1
1500 1305
196 1500
1 197
1304 1
1500 1304
197 1500
1 198
1303 1
1500 1303
198 1500
1 199
1302 1
1500 1302
199 1500
1 200
1301 1
1500 1301
200 1500
1 201
1300 1
1500 1300
201 1500
1 202
1299 1
1500 1299
202 1500
1 203
1298 1
1500 1298
203 1500
1 204
1297 1
1500 1297
204 1500
1 205
1296 1
1500 1296
205 1500
1 206
1295 1
1500 1295
206 1500
1 207
1294 1
1500 1294
207 1500
1 208
1293 1
1500 1293
208 1500
1 209
1292 1
1500 1292
209 1500
1 210
1291 1
1500 1291
210 1500
1 211
1290 1
1500 1290
211 1500
1 212
1289 1
1500 1289
212 1500
1 213
1288 1
1500 1288
213 1500
1 214
1287 1
1500 1287
214 1500
1 215
1286 1
1500 1286
215 1500
1 216
1285 1
1500 1285
216 1500
1 217
1284 1
1500 1284
217 1500
1 218
1283 1
1500 1283
218 1500
1 219
1282 1
1500 1282
219 1500
1 220
1281 1
1500 1281
220 1500
1 221
1280 1
1500 1280
221 1500
1 222
1279 1
1500 1279
222 1500
1 223
1278 1
1500 1278
223 1500
1 224
1277 1
1500 1277
224 1500
1 225
1276 1
1500 1276
225 1500
1 226
1275 1
1500 1275
226 1500
1 227
1274 1
1500 1274
227 1500
1 228
1273 1
1500 1273
228 1500
1 229
1272 1
1500 1272
229 1500
1 230
1271 1
1500 1271
230 1500
1 231
1270 1
1500 1270
231 1500
1 232
1269 1
1500 1269
232 1500
1 233
1268 1
1500 1268
233 1500
1 234
1267 1
1500 1267
234 1500
1 235
1266 1
1500 1266
235 1500
1 236
1265 1
1500 1265
236 1500
1 237
1264 1
1500 1264
237 1500
1 238
1263 1
1500 1263
238 1500
1 239
1262 1
1500 1262
239 1500
1 240
1261 1
1500 1261
240 1500
1 241
1260 1
1500 1260
241 1500
1 242
1259 1
1500 1259
242 1500
1 243
1258 1
1500 1258
243 1500
1 244
1257 1
1500 1257
244 1500
1 245
1256 1
1500 1256
245 1500
1 246
1255 1
1500 1255
246 1500
1 247
1254 1
1500 1254
247 1500
1 248
1253 1
1500 1253
248 1500
1 249
1252 1
1500 1252
249 1500
1 250
1251 1
1500 1251
250 1500
1 251
1250 1
1500 1250
251 1500
1 252
1249 1
1500 1249
252 1500
1 253
1248 1
1500 1248
253 1500
1 254
1247 1
1500 1247
254 1500
1 255
1246 1
1500 1246
255 1500
1 256
1245 1
1500 1245
256 1500
1 257
1244 1
1500 1244
257 1500
1 258
1243 1
1500 1243
258 1500
1 259
1242 1
1500 1242
259 1500
1 260
1241 1
1500 1241
260 1500
1 261
1240 1
1500 1240
261 1500
1 262
1239 1
1500 1239
262 1500
1 263
1238 1
1500 1238
263 1500
1 264
1237 1
1500 1237
264 1500
1 265
1236 1
1500 1236
265 1500
1 266
1235 1
1500 1235
266 1500
1 267
1234 1
1500 1234
267 1500
1 268
1233 1
1500 1233
268 1500
1 269
1232 1
1500 1232
269 1500
1 270
1231 1
1500 1231
270 1500
1 271
1230 1
1500 1230
271 1500
1 272
1229 1
1500 1229
272 1500
1 273
1228 1
1500 1228
273 1500
1 274
1227 1
1500 1227
274 1500
1 275
1226 1
1500 1226
275 1500
1 276
1225 1
1500 1225
276 1500
1 277
1224 1
1500 1224
277 1500
1 278
1223 1
1500 1223
278 1500
1 279
1222 1
1500 1222
279 1500
1 280
1221 1
1500 1221
280 1500
1 281
1220 1
1500 1220
281 1500
1 282
1219 1
1500 1219
282 1500
1 283
1218 1
1500 1218
283 1500
1 284
1217 1
1500 1217
284 1500
1 285
1216 1
1500 1216
285 1500
1 286
1215 1
1500 1215
286 1500
1 287
1214 1
1500 1214
287 1500
1 288
1213 1
1500 1213
288 1500
1 289
1212 1
1500 1212
289 1500
1 290
1211 1
1500 1211
290 1500
1 291
1210 1
1500 1210
291 1500
1 292
1209 1
1500 1209
292 1500
1 293
1208 1
1500 1208
293 1500
1 294
1207 1
1500 1207
294 1500
1 295
1206 1
1500 1206
295 1500
1 296
1205 1
1500 1205
296 1500
1 297
1204 1
1500 1204
297 1500
1 298
1203 1
1500 1203
298 1500
1 299
1202 1
1500 1202
299 1500
1 300
1201 1
1500 1201
300 1500
1 301
1200 1
1500 1200
301 1500
1 302
1199 1
1500 1199
302 1500
1 303
1198 1
1500 1198
303 1500
1 304
1197 1
1500 1197
304 1500
1 305
1196 1
1500 1196
305 1500
1 306
1195 1
1500 1195
306 1500
1 307
1194 1
1500 1194
307 1500
1 308
1193 1
1500 1193
308 1500
1 309
1192 1
1500 1192
309 1500
1 310
1191 1
1500 1191
310 1500
1 311
1190 1
1500 1190
311 1500
1 312
1189 1
1500 1189
312 1500
1 313
1188 1
1500 1188
313 1500
1 314
1187 1
1500 1187
314 1500
1 315
1186 1
1500 1186
315 1500
1 316
1185 1
1500 1185
316 1500
1 317
1184 1
1500 1184
317 1500
1 318
1183 1
1500 1183
318 1500
1 319
1182 1
1500 1182
319 1500
1 320
1181 1
1500 1181
320 1500
1 321
1180 1
1500 1180
321 1500
1 322
1179 1
1500 1179
322 1500
1 323
1178 1
1500 1178
323 1500
1 324
1177 1
1500 1177
324 1500
1 325
1176 1
1500 1176
325 1500
1 326
1175 1
1500 1175
326 1500
1 327
1174 1
1500 1174
327 1500
1 328
1173 1
1500 1173
328 1500
1 329
1172 1
1500 1172
329 1500
1 330
1171 1
1500 1171
330 1500
1 331
1170 1
1500 1170
331 1500
1 332
1169 1
1500 1169
332 1500
1 333
1168 1
1500 1168
333 1500
1 334
1167 1
1500 1167
334 1500
1 335
1166 1
1500 1166
335 1500
1 336
1165 1
1500 1165
336 1500
1 337
1164 1
1500 1164
337 1500
1 338
1163 1
1500 1163
338 1500
1 339
1162 1
1500 1162
339 1500
1 340
1161 1
1500 1161
340 1500
1 341
1160 1
1500 1160
341 1500
1 342
1159 1
1500 1159
342 1500
1 343
1158 1
1500 1158
343 1500
1 344
1157 1
1500 1157
344 1500
1 345
1156 1
1500 1156
345 1500
1 346
1155 1
1500 1155
346 1500
1 347
1154 1
1500 1154
347 1500
1 348
1153 1
1500 1153
348 1500
1 349
1152 1
1500 1152
349 1500
1 350
1151 1
1500 1151
350 1500
1 351
1150 1
1500 1150
351 1500
1 352
1149 1
1500 1149
352 1500
1 353
1148 1
1500 1148
353 1500
1 354
1147 1
1500 1147
354 1500
1 355
1146 1
1500 1146
355 1500
1 356
1145 1
1500 1145
356 1500
1 357
1144 1
1500 1144
357 1500
1 358
1143 1
1500 1143
358 1500
1 359
1142 1
1500 1142
359 1500
1 360
1141 1
1500 1141
360 1500
1 361
1140 1
1500 1140
361 1500
1 362
1139 1
1500 1139
362 1500
1 363
1138 1
1500 1138
363 1500
1 364
1137 1
1500 1137
364 1500
1 365
1136 1
1500 1136
365 1500
1 366
1135 1
1500 1135
366 1500
1 367
1134 1
1500 1134
367 1500
1 368
1133 1
1500 1133
368 1500
1 369
1132 1
1500 1132
369 1500
1 370
1131 1
1500 1131
370 1500
1 371
1130 1
1500 1130
371 1500
1 372
1129 1
1500 1129
372 1500
1 373
1128 1
1500 1128
373 1500
1 374
1127 1
1500 1127
374 1500
1 375
1126 1
1500 1126
375 1500
1 376
1125 1
1500 1125
376 1500
1 377
1124 1
1500 1124
377 1500
1 378
1123 1
1500 1123
378 1500
1 379
1122 1
1500 1122
379 1500
1 380
1121 1
1500 1121
380 1500
1 381
1120 1
1500 1120
381 1500
1 382
1119 1
1500 1119
382 1500
1 383
1118 1
1500 1118
383 1500
1 384
1117 1
1500 1117
384 1500
1 385
1116 1
1500 1116
385 1500
1 386
1115 1
1500 1115
386 1500
1 387
1114 1
1500 1114
387 1500
1 388
1113 1
1500 1113
388 1500
1 389
1112 1
1500 1112
389 1500
1 390
1111 1
1500 1111
390 1500
1 391
1110 1
1500 1110
391 1500
1 392
1109 1
1500 1109
392 1500
1 393
1108 1
1500 1108
393 1500
1 394
1107 1
1500 1107
394 1500
1 395
1106 1
1500 1106
395 1500
1 396
1105 1
1500 1105
396 1500
1 397
1104 1
1500 1104
397 1500
1 398
1103 1
1500 1103
398 1500
1 399
1102 1
1500 1102
399 1500
1 400
1101 1
1500 1101
400 1500
1 401
1100 1
1500 1100
401 1500
1 402
1099 1
1500 1099
402 1500
1 403
1098 1
1500 1098
403 1500
1 404
1097 1
1500 1097
404 1500
1 405
1096 1
1500 1096
405 1500
1 406
1095 1
1500 1095
406 1500
1 407
1094 1
1500 1094
407 1500
1 408
1093 1
1500 1093
408 1500
1 409
1092 1
1500 1092
409 1500
1 410
1091 1
1500 1091
410 1500
1 411
1090 1
1500 1090
411 1500
1 412
1089 1
1500 1089
412 1500
1 413
1088 1
1500 1088
413 1500
1 414
1087 1
1500 1087
414 1500
1 415
1086 1
1500 1086
415 1500
1 416
1085 1
1500 1085
416 1500
1 417
1084 1
1500 1084
417 1500
1 418
1083 1
1500 1083
418 1500
1 419
1082 1
1500 1082
419 1500
1 420
1081 1
1500 1081
420 1500
1 421
1080 1
1500 1080
421 1500
1 422
1079 1
1500 1079
422 1500
1 423
1078 1
1500 1078
423 1500
1 424
1077 1
1500 1077
424 1500
1 425
1076 1
1500 1076
425 1500
1 426
1075 1
1500 1075
426 1500
1 427
1074 1
1500 1074
427 1500
1 428
1073 1
1500 1073
428 1500
1 429
1072 1
1500 1072
429 1500
1 430
1071 1
1500 1071
430 1500
1 431
1070 1
1500 1070
431 1500
1 432
1069 1
1500 1069
432 1500
1 433
1068 1
1500 1068
433 1500
1 434
1067 1
1500 1067
434 1500
1 435
1066 1
1500 1066
435 1500
1 436
1065 1
1500 1065
436 1500
1 437
1064 1
1500 1064
437 1500
1 438
1063 1
1500 1063
438 1500
1 439
1062 1
1500 1062
439 1500
1 440
1061 1
1500 1061
440 1500
1 441
1060 1
1500 1060
441 1500
1 442
1059 1
1500 1059
442 1500
1 443
1058 1
1500 1058
443 1500
1 444
1057 1
1500 1057
444 1500
1 445
1056 1
1500 1056
445 1500
1 446
1055 1
1500 1055
446 1500
1 447
1054 1
1500 1054
447 1500
1 448
1053 1
1500 1053
448 1500
1 449
1052 1
1500 1052
449 1500
1 450
1051 1
1500 1051
450 1500
1 451
1050 1
1500 1050
451 1500
1 452
1049 1
1500 1049
452 1500
1 453
1048 1
1500 1048
453 1500
1 454
1047 1
1500 1047
454 1500
1 455
1046 1
1500 1046
455 1500
1 456
1045 1
1500 1045
456 1500
1 457
1044 1
1500 1044
457 1500
1 458
1043 1
1500 1043
458 1500
1 459
1042 1
1500 1042
459 1500
1 460
1041 1
1500 1041
460 1500
1 461
1040 1
1500 1040
461 1500
1 462
1039 1
1500 1039
462 1500
1 463
1038 1
1500 1038
463 1500
1 464
1037 1
1500 1037
464 1500
1 465
1036 1
1500 1036
465 1500
1 466
1035 1
1500 1035
466 1500
1 467
1034 1
1500 1034
467 1500
1 468
1033 1
1500 1033
468 1500
1 469
1032 1
1500 1032
469 1500
1 470
1031 1
1500 1031
470 1500
1 471
1030 1
1500 1030
471 1500
1 472
1029 1
1500 1029
472 1500
1 473
1028 1
1500 1028
473 1500
1 474
1027 1
1500 1027
474 1500
1 475
1026 1
1500 1026
475 1500
1 476
1025 1
1500 1025
476 1500
1 477
1024 1
1500 1024
477 1500
1 478
1023 1
1500 1023
478 1500
1 479
1022 1
1500 1022
479 1500
1 480
1021 1
1500 1021
480 1500
1 481
1020 1
1500 1020
481 1500
1 482
1019 1
1500 1019
482 1500
1 483
1018 1
1500 1018
483 1500
1 484
1017 1
1500 1017
484 1500
1 485
1016 1
1500 1016
485 1500
1 486
1015 1
1500 1015
486 1500
1 487
1014 1
1500 1014
487 1500
1 488
1013 1
1500 1013
488 1500
1 489
1012 1
1500 1012
489 1500
1 490
1011 1
1500 1011
490 1500
1 491
1010 1
1500 1010
491 1500
1 492
1009 1
1500 1009
492 1500
1 493
1008 1
1500 1008
493 1500
1 494
1007 1
1500 1007
494 1500
1 495
1006 1
1500 1006
495 1500
1 496
1005 1
1500 1005
496 1500
1 497
1004 1
1500 1004
497 1500
1 498
1003 1
1500 1003
498 1500
1 499
1002 1
1500 1002
499 1500
1 500
1001 1
1500 1001
500 1500
1 501
1000 1
1500 1000
501 1500
1 502
999 1
1500 999
502 1500
1 503
998 1
1500 998
503 1500
1 504
997 1
1500 997
504 1500
1 505
996 1
1500 996
505 1500
1 506
995 1
1500 995
506 1500
1 507
994 1
1500 994
507 1500
1 508
993 1
1500 993
508 1500
1 509
992 1
1500 992
509 1500
1 510
991 1
1500 991
510 1500
1 511
990 1
1500 990
511 1500
1 512
989 1
1500 989
512 1500
1 513
988 1
1500 988
513 1500
1 514
987 1
1500 987
514 1500
1 515
986 1
1500 986
515 1500
1 516
985 1
1500 985
516 1500
1 517
984 1
1500 984
517 1500
1 518
983 1
1500 983
518 1500
1 519
982 1
1500 982
519 1500
1 520
981 1
1500 981
520 1500
1 521
980 1
1500 980
521 1500
1 522
979 1
1500 979
522 1500
1 523
978 1
1500 978
523 1500
1 524
977 1
1500 977
524 1500
1 525
976 1
1500 976
525 1500
1 526
975 1
1500 975
526 1500
1 527
974 1
1500 974
527 1500
1 528
973 1
1500 973
528 1500
1 529
972 1
1500 972
529 1500
1 530
971 1
1500 971
530 1500
1 531
970 1
1500 970
531 1500
1 532
969 1
1500 969
532 1500
1 533
968 1
1500 968
533 1500
1 534
967 1
1500 967
534 1500
1 535
966 1
1500 966
535 1500
1 536
965 1
1500 965
536 1500
1 537
964 1
1500 964
537 1500
1 538
963 1
1500 963
538 1500
1 539
962 1
1500 962
539 1500
1 540
961 1
1500 961
540 1500
1 541
960 1
1500 960
541 1500
1 542
959 1
1500 959
542 1500
1 543
958 1
1500 958
543 1500
1 544
957 1
1500 957
544 1500
1 545
956 1
1500 956
545 1500
1 546
955 1
1500 955
546 1500
1 547
954 1
1500 954
547 1500
1 548
953 1
1500 953
548 1500
1 549
952 1
1500 952
549 1500
1 550
951 1
1500 951
550 1500
1 551
950 1
1500 950
551 1500
1 552
949 1
1500 949
552 1500
1 553
948 1
1500 948
553 1500
1 554
947 1
1500 947
554 1500
1 555
946 1
1500 946
555 1500
1 556
945 1
1500 945
556 1500
1 557
944 1
1500 944
557 1500
1 558
943 1
1500 943
558 1500
1 559
942 1
1500 942
559 1500
1 560
941 1
1500 941
560 1500
1 561
940 1
1500 940
561 1500
1 562
939 1
1500 939
562 1500
1 563
938 1
1500 938
563 1500
1 564
937 1
1500 937
564 1500
1 565
936 1
1500 936
565 1500
1 566
935 1
1500 935
566 1500
1 567
934 1
1500 934
567 1500
1 568
933 1
1500 933
568 1500
1 569
932 1
1500 932
569 1500
1 570
931 1
1500 931
570 1500
1 571
930 1
1500 930
571 1500
1 572
929 1
1500 929
572 1500
1 573
928 1
1500 928
573 1500
1 574
927 1
1500 927
574 1500
1 575
926 1
1500 926
575 1500
1 576
925 1
1500 925
576 1500
1 577
924 1
1500 924
577 1500
1 578
923 1
1500 923
578 1500
1 579
922 1
1500 922
579 1500
1 580
921 1
1500 921
580 1500
1 581
920 1
1500 920
581 1500
1 582
919 1
1500 919
582 1500
1 583
918 1
1500 918
583 1500
1 584
917 1
1500 917
584 1500
1 585
916 1
1500 916
585 1500
1 586
915 1
1500 915
586 1500
1 587
914 1
1500 914
587 1500
1 588
913 1
1500 913
588 1500
1 589
912 1
1500 912
589 1500
1 590
911 1
1500 911
590 1500
1 591
910 1
1500 910
591 1500
1 592
909 1
1500 909
592 1500
1 593
908 1
1500 908
593 1500
1 594
907 1
1500 907
594 1500
1 595
906 1
1500 906
595 1500
1 596
905 1
1500 905
596 1500
1 597
904 1
1500 904
597 1500
1 598
903 1
1500 903
598 1500
1 599
902 1
1500 902
599 1500
1 600
901 1
1500 901
600 1500
1 601
900 1
1500 900
601 1500
1 602
899 1
1500 899
602 1500
1 603
898 1
1500 898
603 1500
1 604
897 1
1500 897
604 1500
1 605
896 1
1500 896
605 1500
1 606
895 1
1500 895
606 1500
1 607
894 1
1500 894
607 1500
1 608
893 1
1500 893
608 1500
1 609
892 1
1500 892
609 1500
1 610
891 1
1500 891
610 1500
1 611
890 1
1500 890
611 1500
1 612
889 1
1500 889
612 1500
1 613
888 1
1500 888
613 1500
1 614
887 1
1500 887
614 1500
1 615
886 1
1500 886
615 1500
1 616
885 1
1500 885
616 1500
1 617
884 1
1500 884
617 1500
1 618
883 1
1500 883
618 1500
1 619
882 1
1500 882
619 1500
1 620
881 1
1500 881
620 1500
1 621
880 1
1500 880
621 1500
1 622
879 1
1500 879
622 1500
1 623
878 1
1500 878
623 1500
1 624
877 1
1500 877
624 1500
1 625
876 1
1500 876
625 1500
1 626
875 1
1500 875
626 1500
1 627
874 1
1500 874
627 1500
1 628
873 1
1500 873
628 1500
1 629
872 1
1500 872
629 1500
1 630
871 1
1500 871
630 1500
1 631
870 1
1500 870
631 1500
1 632
869 1
1500 869
632 1500
1 633
868 1
1500 868
633 1500
1 634
867 1
1500 867
634 1500
1 635
866 1
1500 866
635 1500
1 636
865 1
1500 865
636 1500
1 637
864 1
1500 864
637 1500
1 638
863 1
1500 863
638 1500
1 639
862 1
1500 862
639 1500
1 640
861 1
1500 861
640 1500
1 641
860 1
1500 860
641 1500
1 642
859 1
1500 859
642 1500
1 643
858 1
1500 858
643 1500
1 644
857 1
1500 857
644 1500
1 645
856 1
1500 856
645 1500
1 646
855 1
1500 855
646 1500
1 647
854 1
1500 854
647 1500
1 648
853 1
1500 853
648 1500
1 649
852 1
1500 852
649 1500
1 650
851 1
1500 851
650 1500
1 651
850 1
1500 850
651 1500
1 652
849 1
1500 849
652 1500
1 653
848 1
1500 848
653 1500
1 654
847 1
1500 847
654 1500
1 655
846 1
1500 846
655 1500
1 656
845 1
1500 845
656 1500
1 657
844 1
1500 844
657 1500
1 658
843 1
1500 843
658 1500
1 659
842 1
1500 842
659 1500
1 660
841 1
1500 841
660 1500
1 661
840 1
1500 840
661 1500
1 662
839 1
1500 839
662 1500
1 663
838 1
1500 838
663 1500
1 664
837 1
1500 837
664 1500
1 665
836 1
1500 836
665 1500
1 666
835 1
1500 835
666 1500
1 667
834 1
1500 834
667 1500
1 668
833 1
1500 833
668 1500
1 669
832 1
1500 832
669 1500
1 670
831 1
1500 831
670 1500
1 671
830 1
1500 830
671 1500
1 672
829 1
1500 829
672 1500
1 673
828 1
1500 828
673 1500
1 674
827 1
1500 827
674 1500
1 675
826 1
1500 826
675 1500
1 676
825 1
1500 825
676 1500
1 677
824 1
1500 824
677 1500
1 678
823 1
1500 823
678 1500
1 679
822 1
1500 822
679 1500
1 680
821 1
1500 821
680 1500
1 681
820 1
1500 820
681 1500
1 682
819 1
1500 819
682 1500
1 683
818 1
1500 818
683 1500
1 684
817 1
1500 817
684 1500
1 685
816 1
1500 816
685 1500
1 686
815 1
1500 815
686 1500
1 687
814 1
1500 814
687 1500
1 688
813 1
1500 813
688 1500
1 689
812 1
1500 812
689 1500
1 690
811 1
1500 811
690 1500
1 691
810 1
1500 810
691 1500
1 692
809 1
1500 809
692 1500
1 693
808 1
1500 808
693 1500
1 694
807 1
1500 807
694 1500
1 695
806 1
1500 806
695 1500
1 696
805 1
1500 805
696 1500
1 697
804 1
1500 804
697 1500
1 698
803 1
1500 803
698 1500
1 699
802 1
1500 802
699 1500
1 700
801 1
1500 801
700 1500
1 701
800 1
1500 800
701 1500
1 702
799 1
1500 799
702 1500
1 703
798 1
1500 798
703 1500
1 704
797 1
1500 797
704 1500
1 705
796 1
1500 796
705 1500
1 706
795 1
1500 795
706 1500
1 707
794 1
1500 794
707 1500
1 708
793 1
1500 793
708 1500
1 709
792 1
1500 792
709 1500
1 710
791 1
1500 791
710 1500
1 711
790 1
1500 790
711 1500
1 712
789 1
1500 789
712 1500
1 713
788 1
1500 788
713 1500
1 714
787 1
1500 787
714 1500
1 715
786 1
1500 786
715 1500
1 716
785 1
1500 785
716 1500
1 717
784 1
1500 784
717 1500
1 718
783 1
1500 783
718 1500
1 719
782 1
1500 782
719 1500
1 720
781 1
1500 781
720 1500
1 721
780 1
1500 780
721 1500
1 722
779 1
1500 779
722 1500
1 723
778 1
1500 778
723 1500
1 724
777 1
1500 777
724 1500
1 725
776 1
1500 776
725 1500
1 726
775 1
1500 775
726 1500
1 727
774 1
1500 774
727 1500
1 728
773 1
1500 773
728 1500
1 729
772 1
1500 772
729 1500
1 730
771 1
1500 771
730 1500
1 731
770 1
1500 770
731 1500
1 732
769 1
1500 769
732 1500
1 733
768 1
1500 768
733 1500
1 734
767 1
1500 767
734 1500
1 735
766 1
1500 766
735 1500
1 736
765 1
1500 765
736 1500
1 737
764 1
1500 764
737 1500
1 738
763 1
1500 763
738 1500
1 739
762 1
1500 762
739 1500
1 740
761 1
1500 761
740 1500
1 741
760 1
1500 760
741 1500
1 742
759 1
1500 759
742 1500
1 743
758 1
1500 758
743 1500
1 744
757 1
1500 757
744 1500
1 745
756 1
1500 756
745 1500
1 746
755 1
1500 755
746 1500
1 747
754 1
1500 754
747 1500
1 748
753 1
1500 753
748 1500
1 749
752 1
1500 752
749 1500
1 750
751 1
1500 751
750 1500
1 751
750 1
1500 750
751 1500
1 752
749 1
1500 749
752 1500
1 753
748 1
1500 748
753 1500
1 754
747 1
1500 747
754 1500
1 755
746 1
1500 746
755 1500
1 756
745 1
1500 745
756 1500
1 757
744 1
1500 744
757 1500
1 758
743 1
1500 743
758 1500
1 759
742 1
1500 742
759 1500
1 760
741 1
1500 741
760 1500
1 761
740 1
1500 740
761 1500
1 762
739 1
1500 739
762 1500
1 763
738 1
1500 738
763 1500
1 764
737 1
1500 737
764 1500
1 765
736 1
1500 736
765 1500
1 766
735 1
1500 735
766 1500
1 767
734 1
1500 734
767 1500
1 768
733 1
1500 733
768 1500
1 769
732 1
1500 732
769 1500
1 770
731 1
1500 731
770 1500
1 771
730 1
1500 730
771 1500
1 772
729 1
1500 729
772 1500
1 773
728 1
1500 728
773 1500
1 774
727 1
1500 727
774 1500
1 775
726 1
1500 726
775 1500
1 776
725 1
1500 725
776 1500
1 777
724 1
1500 724
777 1500
1 778
723 1
1500 723
778 1500
1 779
722 1
1500 722
779 1500
1 780
721 1
1500 721
780 1500
1 781
720 1
1500 720
781 1500
1 782
719 1
1500 719
782 1500
1 783
718 1
1500 718
783 1500
1 784
717 1
1500 717
784 1500
1 785
716 1
1500 716
785 1500
1 786
715 1
1500 715
786 1500
1 787
714 1
1500 714
787 1500
1 788
713 1
1500 713
788 1500
1 789
712 1
1500 712
789 1500
1 790
711 1
1500 711
790 1500
1 791
710 1
1500 710
791 1500
1 792
709 1
1500 709
792 1500
1 793
708 1
1500 708
793 1500
1 794
707 1
1500 707
794 1500
1 795
706 1
1500 706
795 1500
1 796
705 1
1500 705
796 1500
1 797
704 1
1500 704
797 1500
1 798
703 1
1500 703
798 1500
1 799
702 1
1500 702
799 1500
1 800
701 1
1500 701
800 1500
1 801
700 1
1500 700
801 1500
1 802
699 1
1500 699
802 1500
1 803
698 1
1500 698
803 1500
1 804
697 1
1500 697
804 1500
1 805
696 1
1500 696
805 1500
1 806
695 1
1500 695
806 1500
1 807
694 1
1500 694
807 1500
1 808
693 1
1500 693
808 1500
1 809
692 1
1500 692
809 1500
1 810
691 1
1500 691
810 1500
1 811
690 1
1500 690
811 1500
1 812
689 1
1500 689
812 1500
1 813
688 1
1500 688
813 1500
1 814
687 1
1500 687
814 1500
1 815
686 1
1500 686
815 1500
1 816
685 1
1500 685
816 1500
1 817
684 1
1500 684
817 1500
1 818
683 1
1500 683
818 1500
1 819
682 1
1500 682
819 1500
1 820
681 1
1500 681
820 1500
1 821
680 1
1500 680
821 1500
1 822
679 1
1500 679
822 1500
1 823
678 1
1500 678
823 1500
1 824
677 1
1500 677
824 1500
1 825
676 1
1500 676
825 1500
1 826
675 1
1500 675
826 1500
1 827
674 1
1500 674
827 1500
1 828
673 1
1500 673
828 1500
1 829
672 1
1500 672
829 1500
1 830
671 1
1500 671
830 1500
1 831
670 1
1500 670
831 1500
1 832
669 1
1500 669
832 1500
1 833
668 1
1500 668
833 1500
1 834
667 1
1500 667
834 1500
1 835
666 1
1500 666
835 1500
1 836
665 1
1500 665
836 1500
1 837
664 1
1500 664
837 1500
1 838
663 1
1500 663
838 1500
1 839
662 1
1500 662
839 1500
1 840
661 1
1500 661
840 1500
1 841
660 1
1500 660
841 1500
1 842
659 1
1500 659
842 1500
1 843
658 1
1500 658
843 1500
1 844
657 1
1500 657
844 1500
1 845
656 1
1500 656
845 1500
1 846
655 1
1500 655
846 1500
1 847
654 1
1500 654
847 1500
1 848
653 1
1500 653
848 1500
1 849
652 1
1500 652
849 1500
1 850
651 1
1500 651
850 1500
1 851
650 1
1500 650
851 1500
1 852
649 1
1500 649
852 1500
1 853
648 1
1500 648
853 1500
1 854
647 1
1500 647
854 1500
1 855
646 1
1500 646
855 1500
1 856
645 1
1500 645
856 1500
1 857
644 1
1500 644
857 1500
1 858
643 1
1500 643
858 1500
1 859
642 1
1500 642
859 1500
1 860
641 1
1500 641
860 1500
1 861
640 1
1500 640
861 1500
1 862
639 1
1500 639
862 1500
1 863
638 1
1500 638
863 1500
1 864
637 1
1500 637
864 1500
1 865
636 1
1500 636
865 1500
1 866
635 1
1500 635
866 1500
1 867
634 1
1500 634
867 1500
1 868
633 1
1500 633
868 1500
1 869
632 1
1500 632
869 1500
1 870
631 1
1500 631
870 1500
1 871
630 1
1500 630
871 1500
1 872
629 1
1500 629
872 1500
1 873
628 1
1500 628
873 1500
1 874
627 1
1500 627
874 1500
1 875
626 1
1500 626
875 1500
1 876
625 1
1500 625
876 1500
1 877
624 1
1500 624
877 1500
1 878
623 1
1500 623
878 1500
1 879
622 1
1500 622
879 1500
1 880
621 1
1500 621
880 1500
1 881
620 1
1500 620
881 1500
1 882
619 1
1500 619
882 1500
1 883
618 1
1500 618
883 1500
1 884
617 1
1500 617
884 1500
1 885
616 1
1500 616
885 1500
1 886
615 1
1500 615
886 1500
1 887
614 1
1500 614
887 1500
1 888
613 1
1500 613
888 1500
1 889
612 1
1500 612
889 1500
1 890
611 1
1500 611
890 1500
1 891
610 1
1500 610
891 1500
1 892
609 1
1500 609
892 1500
1 893
608 1
1500 608
893 1500
1 894
607 1
1500 607
894 1500
1 895
606 1
1500 606
895 1500
1 896
605 1
1500 605
896 1500
1 897
604 1
1500 604
897 1500
1 898
603 1
1500 603
898 1500
1 899
602 1
1500 602
899 1500
1 900
601 1
1500 601
900 1500
1 901
600 1
1500 600
901 1500
1 902
599 1
1500 599
902 1500
1 903
598 1
1500 598
903 1500
1 904
597 1
1500 597
904 1500
1 905
596 1
1500 596
905 1500
1 906
595 1
1500 595
906 1500
1 907
594 1
1500 594
907 1500
1 908
593 1
1500 593
908 1500
1 909
592 1
1500 592
909 1500
1 910
591 1
1500 591
910 1500
1 911
590 1
1500 590
911 1500
1 912
589 1
1500 589
912 1500
1 913
588 1
1500 588
913 1500
1 914
587 1
1500 587
914 1500
1 915
586 1
1500 586
915 1500
1 916
585 1
1500 585
916 1500
1 917
584 1
1500 584
917 1500
1 918
583 1
1500 583
918 1500
1 919
582 1
1500 582
919 1500
1 920
581 1
1500 581
920 1500
1 921
580 1
1500 580
921 1500
1 922
579 1
1500 579
922 1500
1 923
578 1
1500 578
923 1500
1 924
577 1
1500 577
924 1500
1 925
576 1
1500 576
925 1500
1 926
575 1
1500 575
926 1500
1 927
574 1
1500 574
927 1500
1 928
573 1
1500 573
928 1500
1 929
572 1
1500 572
929 1500
1 930
571 1
1500 571
930 1500
1 931
570 1
1500 570
931 1500
1 932
569 1
1500 569
932 1500
1 933
568 1
1500 568
933 1500
1 934
567 1
1500 567
934 1500
1 935
566 1
1500 566
935 1500
1 936
565 1
1500 565
936 1500
1 937
564 1
1500 564
937 1500
1 938
563 1
1500 563
938 1500
1 939
562 1
1500 562
939 1500
1 940
561 1
1500 561
940 1500
1 941
560 1
1500 560
941 1500
1 942
559 1
1500 559
942 1500
1 943
558 1
1500 558
943 1500
1 944
557 1
1500 557
944 1500
1 945
556 1
1500 556
945 1500
1 946
555 1
1500 555
946 1500
1 947
554 1
1500 554
947 1500
1 948
553 1
1500 553
948 1500
1 949
552 1
1500 552
949 1500
1 950
551 1
1500 551
950 1500
1 951
550 1
1500 550
951 1500
1 952
549 1
1500 549
952 1500
1 953
548 1
1500 548
953 1500
1 954
547 1
1500 547
954 1500
1 955
546 1
1500 546
955 1500
1 956
545 1
1500 545
956 1500
1 957
544 1
1500 544
957 1500
1 958
543 1
1500 543
958 1500
1 959
542 1
1500 542
959 1500
1 960
541 1
1500 541
960 1500
1 961
540 1
1500 540
961 1500
1 962
539 1
1500 539
962 1500
1 963
538 1
1500 538
963 1500
1 964
537 1
1500 537
964 1500
1 965
536 1
1500 536
965 1500
1 966
535 1
1500 535
966 1500
1 967
534 1
1500 534
967 1500
1 968
533 1
1500 533
968 1500
1 969
532 1
1500 532
969 1500
1 970
531 1
1500 531
970 1500
1 971
530 1
1500 530
971 1500
1 972
529 1
1500 529
972 1500
1 973
528 1
1500 528
973 1500
1 974
527 1
1500 527
974 1500
1 975
526 1
1500 526
975 1500
1 976
525 1
1500 525
976 1500
1 977
524 1
1500 524
977 1500
1 978
523 1
1500 523
978 1500
1 979
522 1
1500 522
979 1500
1 980
521 1
1500 521
980 1500
1 981
520 1
1500 520
981 1500
1 982
519 1
1500 519
982 1500
1 983
518 1
1500 518
983 1500
1 984
517 1
1500 517
984 1500
1 985
516 1
1500 516
985 1500
1 986
515 1
1500 515
986 1500
1 987
514 1
1500 514
987 1500
1 988
513 1
1500 513
988 1500
1 989
512 1
1500 512
989 1500
1 990
511 1
1500 511
990 1500
1 991
510 1
1500 510
991 1500
1 992
509 1
1500 509
992 1500
1 993
508 1
1500 508
993 1500
1 994
507 1
1500 507
994 1500
1 995
506 1
1500 506
995 1500
1 996
505 1
1500 505
996 1500
1 997
504 1
1500 504
997 1500
1 998
503 1
1500 503
998 1500
1 999
502 1
1500 502
999 1500
1 1000
501 1
1500 501
1000 1500
1 1001
500 1
1500 500
1001 1500
1 1002
499 1
1500 499
1002 1500
1 1003
498 1
1500 498
1003 1500
1 1004
497 1
1500 497
1004 1500
1 1005
496 1
1500 496
1005 1500
1 1006
495 1
1500 495
1006 1500
1 1007
494 1
1500 494
1007 1500
1 1008
493 1
1500 493
1008 1500
1 1009
492 1
1500 492
1009 1500
1 1010
491 1
1500 491
1010 1500
1 1011
490 1
1500 490
1011 1500
1 1012
489 1
1500 489
1012 1500
1 1013
488 1
1500 488
1013 1500
1 1014
487 1
1500 487
1014 1500
1 1015
486 1
1500 486
1015 1500
1 1016
485 1
1500 485
1016 1500
1 1017
484 1
1500 484
1017 1500
1 1018
483 1
1500 483
1018 1500
1 1019
482 1
1500 482
1019 1500
1 1020
481 1
1500 481
1020 1500
1 1021
480 1
1500 480
1021 1500
1 1022
479 1
1500 479
1022 1500
1 1023
478 1
1500 478
1023 1500
1 1024
477 1
1500 477
1024 1500
1 1025
476 1
1500 476
1025 1500
1 1026
475 1
1500 475
1026 1500
1 1027
474 1
1500 474
1027 1500
1 1028
473 1
1500 473
1028 1500
1 1029
472 1
1500 472
1029 1500
1 1030
471 1
1500 471
1030 1500
1 1031
470 1
1500 470
1031 1500
1 1032
469 1
1500 469
1032 1500
1 1033
468 1
1500 468
1033 1500
1 1034
467 1
1500 467
1034 1500
1 1035
466 1
1500 466
1035 1500
1 1036
465 1
1500 465
1036 1500
1 1037
464 1
1500 464
1037 1500
1 1038
463 1
1500 463
1038 1500
1 1039
462 1
1500 462
1039 1500
1 1040
461 1
1500 461
1040 1500
1 1041
460 1
1500 460
1041 1500
1 1042
459 1
1500 459
1042 1500
1 1043
458 1
1500 458
1043 1500
1 1044
457 1
1500 457
1044 1500
1 1045
456 1
1500 456
1045 1500
1 1046
455 1
1500 455
1046 1500
1 1047
454 1
1500 454
1047 1500
1 1048
453 1
1500 453
1048 1500
1 1049
452 1
1500 452
1049 1500
1 1050
451 1
1500 451
1050 1500
1 1051
450 1
1500 450
1051 1500
1 1052
449 1
1500 449
1052 1500
1 1053
448 1
1500 448
1053 1500
1 1054
447 1
1500 447
1054 1500
1 1055
446 1
1500 446
1055 1500
1 1056
445 1
1500 445
1056 1500
1 1057
444 1
1500 444
1057 1500
1 1058
443 1
1500 443
1058 1500
1 1059
442 1
1500 442
1059 1500
1 1060
441 1
1500 441
1060 1500
1 1061
440 1
1500 440
1061 1500
1 1062
439 1
1500 439
1062 1500
1 1063
438 1
1500 438
1063 1500
1 1064
437 1
1500 437
1064 1500
1 1065
436 1
1500 436
1065 1500
1 1066
435 1
1500 435
1066 1500
1 1067
434 1
1500 434
1067 1500
1 1068
433 1
1500 433
1068 1500
1 1069
432 1
1500 432
1069 1500
1 1070
431 1
1500 431
1070 1500
1 1071
430 1
1500 430
1071 1500
1 1072
429 1
1500 429
1072 1500
1 1073
428 1
1500 428
1073 1500
1 1074
427 1
1500 427
1074 1500
1 1075
426 1
1500 426
1075 1500
1 1076
425 1
1500 425
1076 1500
1 1077
424 1
1500 424
1077 1500
1 1078
423 1
1500 423
1078 1500
1 1079
422 1
1500 422
1079 1500
1 1080
421 1
1500 421
1080 1500
1 1081
420 1
1500 420
1081 1500
1 1082
419 1
1500 419
1082 1500
1 1083
418 1
1500 418
1083 1500
1 1084
417 1
1500 417
1084 1500
1 1085
416 1
1500 416
1085 1500
1 1086
415 1
1500 415
1086 1500
1 1087
414 1
1500 414
1087 1500
1 1088
413 1
1500 413
1088 1500
1 1089
412 1
1500 412
1089 1500
1 1090
411 1
1500 411
1090 1500
1 1091
410 1
1500 410
1091 1500
1 1092
409 1
1500 409
1092 1500
1 1093
408 1
1500 408
1093 1500
1 1094
407 1
1500 407
1094 1500
1 1095
406 1
1500 406
1095 1500
1 1096
405 1
1500 405
1096 1500
1 1097
404 1
1500 404
1097 1500
1 1098
403 1
1500 403
1098 1500
1 1099
402 1
1500 402
1099 1500
1 1100
401 1
1500 401
1100 1500
1 1101
400 1
1500 400
1101 1500
1 1102
399 1
1500 399
1102 1500
1 1103
398 1
1500 398
1103 1500
1 1104
397 1
1500 397
1104 1500
1 1105
396 1
1500 396
1105 1500
1 1106
395 1
1500 395
1106 1500
1 1107
394 1
1500 394
1107 1500
1 1108
393 1
1500 393
1108 1500
1 1109
392 1
1500 392
1109 1500
1 1110
391 1
1500 391
1110 1500
1 1111
390 1
1500 390
1111 1500
1 1112
389 1
1500 389
1112 1500
1 1113
388 1
1500 388
1113 1500
1 1114
387 1
1500 387
1114 1500
1 1115
386 1
1500 386
1115 1500
1 1116
385 1
1500 385
1116 1500
1 1117
384 1
1500 384
1117 1500
1 1118
383 1
1500 383
1118 1500
1 1119
382 1
1500 382
1119 1500
1 1120
381 1
1500 381
1120 1500
1 1121
380 1
1500 380
1121 1500
1 1122
379 1
1500 379
1122 1500
1 1123
378 1
1500 378
1123 1500
1 1124
377 1
1500 377
1124 1500
1 1125
376 1
1500 376
1125 1500
1 1126
375 1
1500 375
1126 1500
1 1127
374 1
1500 374
1127 1500
1 1128
373 1
1500 373
1128 1500
1 1129
372 1
1500 372
1129 1500
1 1130
371 1
1500 371
1130 1500
1 1131
370 1
1500 370
1131 1500
1 1132
369 1
1500 369
1132 1500
1 1133
368 1
1500 368
1133 1500
1 1134
367 1
1500 367
1134 1500
1 1135
366 1
1500 366
1135 1500
1 1136
365 1
1500 365
1136 1500
1 1137
364 1
1500 364
1137 1500
1 1138
363 1
1500 363
1138 1500
1 1139
362 1
1500 362
1139 1500
1 1140
361 1
1500 361
1140 1500
1 1141
360 1
1500 360
1141 1500
1 1142
359 1
1500 359
1142 1500
1 1143
358 1
1500 358
1143 1500
1 1144
357 1
1500 357
1144 1500
1 1145
356 1
1500 356
1145 1500
1 1146
355 1
1500 355
1146 1500
1 1147
354 1
1500 354
1147 1500
1 1148
353 1
1500 353
1148 1500
1 1149
352 1
1500 352
1149 1500
1 1150
351 1
1500 351
1150 1500
1 1151
350 1
1500 350
1151 1500
1 1152
349 1
1500 349
1152 1500
1 1153
348 1
1500 348
1153 1500
1 1154
347 1
1500 347
1154 1500
1 1155
346 1
1500 346
1155 1500
1 1156
345 1
1500 345
1156 1500
1 1157
344 1
1500 344
1157 1500
1 1158
343 1
1500 343
1158 1500
1 1159
342 1
1500 342
1159 1500
1 1160
341 1
1500 341
1160 1500
1 1161
340 1
1500 340
1161 1500
1 1162
339 1
1500 339
1162 1500
1 1163
338 1
1500 338
1163 1500
1 1164
337 1
1500 337
1164 1500
1 1165
336 1
1500 336
1165 1500
1 1166
335 1
1500 335
1166 1500
1 1167
334 1
1500 334
1167 1500
1 1168
333 1
1500 333
1168 1500
1 1169
332 1
1500 332
1169 1500
1 1170
331 1
1500 331
1170 1500
1 1171
330 1
1500 330
1171 1500
1 1172
329 1
1500 329
1172 1500
1 1173
328 1
1500 328
1173 1500
1 1174
327 1
1500 327
1174 1500
1 1175
326 1
1500 326
1175 1500
1 1176
325 1
1500 325
1176 1500
1 1177
324 1
1500 324
1177 1500
1 1178
323 1
1500 323
1178 1500
1 1179
322 1
1500 322
1179 1500
1 1180
321 1
1500 321
1180 1500
1 1181
320 1
1500 320
1181 1500
1 1182
319 1
1500 319
1182 1500
1 1183
318 1
1500 318
1183 1500
1 1184
317 1
1500 317
1184 1500
1 1185
316 1
1500 316
1185 1500
1 1186
315 1
1500 315
1186 1500
1 1187
314 1
1500 314
1187 1500
1 1188
313 1
1500 313
1188 1500
1 1189
312 1
1500 312
1189 1500
1 1190
311 1
1500 311
1190 1500
1 1191
310 1
1500 310
1191 1500
1 1192
309 1
1500 309
1192 1500
1 1193
308 1
1500 308
1193 1500
1 1194
307 1
1500 307
1194 1500
1 1195
306 1
1500 306
1195 1500
1 1196
305 1
1500 305
1196 1500
1 1197
304 1
1500 304
1197 1500
1 1198
303 1
1500 303
1198 1500
1 1199
302 1
1500 302
1199 1500
1 1200
301 1
1500 301
1200 1500
1 1201
300 1
1500 300
1201 1500
1 1202
299 1
1500 299
1202 1500
1 1203
298 1
1500 298
1203 1500
1 1204
297 1
1500 297
1204 1500
1 1205
296 1
1500 296
1205 1500
1 1206
295 1
1500 295
1206 1500
1 1207
294 1
1500 294
1207 1500
1 1208
293 1
1500 293
1208 1500
1 1209
292 1
1500 292
1209 1500
1 1210
291 1
1500 291
1210 1500
1 1211
290 1
1500 290
1211 1500
1 1212
289 1
1500 289
1212 1500
1 1213
288 1
1500 288
1213 1500
1 1214
287 1
1500 287
1214 1500
1 1215
286 1
1500 286
1215 1500
1 1216
285 1
1500 285
1216 1500
1 1217
284 1
1500 284
1217 1500
1 1218
283 1
1500 283
1218 1500
1 1219
282 1
1500 282
1219 1500
1 1220
281 1
1500 281
1220 1500
1 1221
280 1
1500 280
1221 1500
1 1222
279 1
1500 279
1222 1500
1 1223
278 1
1500 278
1223 1500
1 1224
277 1
1500 277
1224 1500
1 1225
276 1
1500 276
1225 1500
1 1226
275 1
1500 275
1226 1500
1 1227
274 1
1500 274
1227 1500
1 1228
273 1
1500 273
1228 1500
1 1229
272 1
1500 272
1229 1500
1 1230
271 1
1500 271
1230 1500
1 1231
270 1
1500 270
1231 1500
1 1232
269 1
1500 269
1232 1500
1 1233
268 1
1500 268
1233 1500
1 1234
267 1
1500 267
1234 1500
1 1235
266 1
1500 266
1235 1500
1 1236
265 1
1500 265
1236 1500
1 1237
264 1
1500 264
1237 1500
1 1238
263 1
1500 263
1238 1500
1 1239
262 1
1500 262
1239 1500
1 1240
261 1
1500 261
1240 1500
1 1241
260 1
1500 260
1241 1500
1 1242
259 1
1500 259
1242 1500
1 1243
258 1
1500 258
1243 1500
1 1244
257 1
1500 257
1244 1500
1 1245
256 1
1500 256
1245 1500
1 1246
255 1
1500 255
1246 1500
1 1247
254 1
1500 254
1247 1500
1 1248
253 1
1500 253
1248 1500
1 1249
252 1
1500 252
1249 1500
1 1250
251 1
1500 251
1250 1500
1 1251
250 1
1500 250
1251 1500
1 1252
249 1
1500 249
1252 1500
1 1253
248 1
1500 248
1253 1500
1 1254
247 1
1500 247
1254 1500
1 1255
246 1
1500 246
1255 1500
1 1256
245 1
1500 245
1256 1500
1 1257
244 1
1500 244
1257 1500
1 1258
243 1
1500 243
1258 1500
1 1259
242 1
1500 242
1259 1500
1 1260
241 1
1500 241
1260 1500
1 1261
240 1
1500 240
1261 1500
1 1262
239 1
1500 239
1262 1500
1 1263
238 1
1500 238
1263 1500
1 1264
237 1
1500 237
1264 1500
1 1265
236 1
1500 236
1265 1500
1 1266
235 1
1500 235
1266 1500
1 1267
234 1
1500 234
1267 1500
1 1268
233 1
1500 233
1268 1500
1 1269
232 1
1500 232
1269 1500
1 1270
231 1
1500 231
1270 1500
1 1271
230 1
1500 230
1271 1500
1 1272
229 1
1500 229
1272 1500
1 1273
228 1
1500 228
1273 1500
1 1274
227 1
1500 227
1274 1500
1 1275
226 1
1500 226
1275 1500
1 1276
225 1
1500 225
1276 1500
1 1277
224 1
1500 224
1277 1500
1 1278
223 1
1500 223
1278 1500
1 1279
222 1
1500 222
1279 1500
1 1280
221 1
1500 221
1280 1500
1 1281
220 1
1500 220
1281 1500
1 1282
219 1
1500 219
1282 1500
1 1283
218 1
1500 218
1283 1500
1 1284
217 1
1500 217
1284 1500
1 1285
216 1
1500 216
1285 1500
1 1286
215 1
1500 215
1286 1500
1 1287
214 1
1500 214
1287 1500
1 1288
213 1
1500 213
1288 1500
1 1289
212 1
1500 212
1289 1500
1 1290
211 1
1500 211
1290 1500
1 1291
210 1
1500 210
1291 1500
1 1292
209 1
1500 209
1292 1500
1 1293
208 1
1500 208
1293 1500
1 1294
207 1
1500 207
1294 1500
1 1295
206 1
1500 206
1295 1500
1 1296
205 1
1500 205
1296 1500
1 1297
204 1
1500 204
1297 1500
1 1298
203 1
1500 203
1298 1500
1 1299
202 1
1500 202
1299 1500
1 1300
201 1
1500 201
1300 1500
1 1301
200 1
1500 200
1301 1500
1 1302
199 1
1500 199
1302 1500
1 1303
198 1
1500 198
1303 1500
1 1304
197 1
1500 197
1304 1500
1 1305
196 1
1500 196
1305 1500
1 1306
195 1
1500 195
1306 1500
1 1307
194 1
1500 194
1307 1500
1 1308
193 1
1500 193
1308 1500
1 1309
192 1
1500 192
1309 1500
1 1310
191 1
1500 191
1310 1500
1 1311
190 1
1500 190
1311 1500
1 1312
189 1
1500 189
1312 1500
1 1313
188 1
1500 188
1313 1500
1 1314
187 1
1500 187
1314 1500
1 1315
186 1
1500 186
1315 1500
1 1316
185 1
1500 185
1316 1500
1 1317
184 1
1500 184
1317 1500
1 1318
183 1
1500 183
1318 1500
1 1319
182 1
1500 182
1319 1500
1 1320
181 1
1500 181
1320 1500
1 1321
180 1
1500 180
1321 1500
1 1322
179 1
1500 179
1322 1500
1 1323
178 1
1500 178
1323 1500
1 1324
177 1
1500 177
1324 1500
1 1325
176 1
1500 176
1325 1500
1 1326
175 1
1500 175
1326 1500
1 1327
174 1
1500 174
1327 1500
1 1328
173 1
1500 173
1328 1500
1 1329
172 1
1500 172
1329 1500
1 1330
171 1
1500 171
1330 1500
1 1331
170 1
1500 170
1331 1500
1 1332
169 1
1500 169
1332 1500
1 1333
168 1
1500 168
1333 1500
1 1334
167 1
1500 167
1334 1500
1 1335
166 1
1500 166
1335 1500
1 1336
165 1
1500 165
1336 1500
1 1337
164 1
1500 164
1337 1500
1 1338
163 1
1500 163
1338 1500
1 1339
162 1
1500 162
1339 1500
1 1340
161 1
1500 161
1340 1500
1 1341
160 1
1500 160
1341 1500
1 1342
159 1
1500 159
1342 1500
1 1343
158 1
1500 158
1343 1500
1 1344
157 1
1500 157
1344 1500
1 1345
156 1
1500 156
1345 1500
1 1346
155 1
1500 155
1346 1500
1 1347
154 1
1500 154
1347 1500
1 1348
153 1
1500 153
1348 1500
1 1349
152 1
1500 152
1349 1500
1 1350
151 1
1500 151
1350 1500
1 1351
150 1
1500 150
1351 1500
1 1352
149 1
1500 149
1352 1500
1 1353
148 1
1500 148
1353 1500
1 1354
147 1
1500 147
1354 1500
1 1355
146 1
1500 146
1355 1500
1 1356
145 1
1500 145
1356 1500
1 1357
144 1
1500 144
1357 1500
1 1358
143 1
1500 143
1358 1500
1 1359
142 1
1500 142
1359 1500
1 1360
141 1
1500 141
1360 1500
1 1361
140 1
1500 140
1361 1500
1 1362
139 1
1500 139
1362 1500
1 1363
138 1
1500 138
1363 1500
1 1364
137 1
1500 137
1364 1500
1 1365
136 1
1500 136
1365 1500
1 1366
135 1
1500 135
1366 1500
1 1367
134 1
1500 134
1367 1500
1 1368
133 1
1500 133
1368 1500
1 1369
132 1
1500 132
1369 1500
1 1370
131 1
1500 131
1370 1500
1 1371
130 1
1500 130
1371 1500
1 1372
129 1
1500 129
1372 1500
1 1373
128 1
1500 128
1373 1500
1 1374
127 1
1500 127
1374 1500
1 1375
126 1
1500 126
1375 1500
1 1376
125 1
1500 125
1376 1500
1 1377
124 1
1500 124
1377 1500
1 1378
123 1
1500 123
1378 1500
1 1379
122 1
1500 122
1379 1500
1 1380
121 1
1500 121
1380 1500
1 1381
120 1
1500 120
1381 1500
1 1382
119 1
1500 119
1382 1500
1 1383
118 1
1500 118
1383 1500
1 1384
117 1
1500 117
1384 1500
1 1385
116 1
1500 116
1385 1500
1 1386
115 1
1500 115
1386 1500
1 1387
114 1
1500 114
1387 1500
1 1388
113 1
1500 113
1388 1500
1 1389
112 1
1500 112
1389 1500
1 1390
111 1
1500 111
1390 1500
1 1391
110 1
1500 110
1391 1500
1 1392
109 1
1500 109
1392 1500
1 1393
108 1
1500 108
1393 1500
1 1394
107 1
1500 107
1394 1500
1 1395
106 1
1500 106
1395 1500
1 1396
105 1
1500 105
1396 1500
1 1397
104 1
1500 104
1397 1500
1 1398
103 1
1500 103
1398 1500
1 1399
102 1
1500 102
1399 1500
1 1400
101 1
1500 101
1400 1500
1 1401
100 1
1500 100
1401 1500
1 1402
99 1
1500 99
1402 1500
1 1403
98 1
1500 98
1403 1500
1 1404
97 1
1500 97
1404 1500
1 1405
96 1
1500 96
1405 1500
1 1406
95 1
1500 95
1406 1500
1 1407
94 1
1500 94
1407 1500
1 1408
93 1
1500 93
1408 1500
1 1409
92 1
1500 92
1409 1500
1 1410
91 1
1500 91
1410 1500
1 1411
90 1
1500 90
1411 1500
1 1412
89 1
1500 89
1412 1500
1 1413
88 1
1500 88
1413 1500
1 1414
87 1
1500 87
1414 1500
1 1415
86 1
1500 86
1415 1500
1 1416
85 1
1500 85
1416 1500
1 1417
84 1
1500 84
1417 1500
1 1418
83 1
1500 83
1418 1500
1 1419
82 1
1500 82
1419 1500
1 1420
81 1
1500 81
1420 1500
1 1421
80 1
1500 80
1421 1500
1 1422
79 1
1500 79
1422 1500
1 1423
78 1
1500 78
1423 1500
1 1424
77 1
1500 77
1424 1500
1 1425
76 1
1500 76
1425 1500
1 1426
75 1
1500 75
1426 1500
1 1427
74 1
1500 74
1427 1500
1 1428
73 1
1500 73
1428 1500
1 1429
72 1
1500 72
1429 1500
1 1430
71 1
1500 71
1430 1500
1 1431
70 1
1500 70
1431 1500
1 1432
69 1
1500 69
1432 1500
1 1433
68 1
1500 68
1433 1500
1 1434
67 1
1500 67
1434 1500
1 1435
66 1
1500 66
1435 1500
1 1436
65 1
1500 65
1436 1500
1 1437
64 1
1500 64
1437 1500
1 1438
63 1
1500 63
1438 1500
1 1439
62 1
1500 62
1439 1500
1 1440
61 1
1500 61
1440 1500
1 1441
60 1
1500 60
1441 1500
1 1442
59 1
1500 59
1442 1500
1 1443
58 1
1500 58
1443 1500
1 1444
57 1
1500 57
1444 1500
1 1445
56 1
1500 56
1445 1500
1 1446
55 1
1500 55
1446 1500
1 1447
54 1
1500 54
1447 1500
1 1448
53 1
1500 53
1448 1500
1 1449
52 1
1500 52
1449 1500
1 1450
51 1
1500 51
1450 1500
1 1451
50 1
1500 50
1451 1500
1 1452
49 1
1500 49
1452 1500
1 1453
48 1
1500 48
1453 1500
1 1454
47 1
1500 47
1454 1500
1 1455
46 1
1500 46
1455 1500
1 1456
45 1
1500 45
1456 1500
1 1457
44 1
1500 44
1457 1500
1 1458
43 1
1500 43
1458 1500
1 1459
42 1
1500 42
1459 1500
1 1460
41 1
1500 41
1460 1500
1 1461
40 1
1500 40
1461 1500
1 1462
39 1
1500 39
1462 1500
1 1463
38 1
1500 38
1463 1500
1 1464
37 1
1500 37
1464 1500
1 1465
36 1
1500 36
1465 1500
1 1466
35 1
1500 35
1466 1500
1 1467
34 1
1500 34
1467 1500
1 1468
33 1
1500 33
1468 1500
1 1469
32 1
1500 32
1469 1500
1 1470
31 1
1500 31
1470 1500
1 1471
30 1
1500 30
1471 1500
1 1472
29 1
1500 29
1472 1500
1 1473
28 1
1500 28
1473 1500
1 1474
27 1
1500 27
1474 1500
1 1475
26 1
1500 26
1475 1500
1 1476
25 1
1500 25
1476 1500
1 1477
24 1
1500 24
1477 1500
1 1478
23 1
1500 23
1478 1500
1 1479
22 1
1500 22
1479 1500
1 1480
21 1
1500 21
1480 1500
1 1481
20 1
1500 20
1481 1500
1 1482
19 1
1500 19
1482 1500
1 1483
18 1
1500 18
1483 1500
1 1484
17 1
1500 17
1484 1500
1 1485
16 1
1500 16
1485 1500
1 1486
15 1
1500 15
1486 1500
1 1487
14 1
1500 14
1487 1500
1 1488
13 1
1500 13
1488 1500
1 1489
12 1
1500 12
1489 1500
1 1490
11 1
1500 11
1490 1500
1 1491
10 1
1500 10
1491 1500
1 1492
9 1
1500 9
1492 1500
1 1493
8 1
1500 8
1493 1500
1 1494
7 1
1500 7
1494 1500
1 1495
6 1
1500 6
1495 1500
1 1496
5 1
1500 5
1496 1500
1 1497
4 1
1500 4
1497 1500
1 1498
3 1
1500 3
1498 1500
1 1499
2 1
1500 2
1499 1500
2 750
751 2
1499 751
750 1499
3 749
752 3
1498 752
749 1498
4 748
753 4
1497 753
748 1497
5 747
754 5
1496 754
747 1496
6 746
755 6
1495 755
746 1495
7 745
756 7
1494 756
745 1494
8 744
757 8
1493 757
744 1493
9 743
758 9
1492 758
743 1492
10 742
759 10
1491 759
742 1491
11 741
760 11
1490 760
741 1490
12 740
761 12
1489 761
740 1489
13 739
762 13
1488 762
739 1488
14 738
763 14
1487 763
738 1487
15 737
764 15
1486 764
737 1486
16 736
765 16
1485 765
736 1485
17 735
766 17
1484 766
735 1484
18 734
767 18
1483 767
734 1483
19 733
768 19
1482 768
733 1482
20 732
769 20
1481 769
732 1481
21 731
770 21
1480 770
731 1480
22 730
771 22
1479 771
730 1479
23 729
772 23
1478 772
729 1478
24 728
773 24
1477 773
728 1477
25 727
774 25
1476 774
727 1476
26 726
775 26
1475 775
726 1475
27 725
776 27
1474 776
725 1474
28 724
777 28
1473 777
724 1473
29 723
778 29
1472 778
723 1472
30 722
779 30
1471 779
722 1471
31 721
780 31
1470 780
721 1470
32 720
781 32
1469 781
720 1469
33 719
782 33
1468 782
719 1468
34 718
783 34
1467 783
718 1467
35 717
784 35
1466 784
717 1466
36 716
785 36
1465 785
716 1465
37 715
786 37
1464 786
715 1464
38 714
787 38
1463 787
714 1463
39 713
788 39
1462 788
713 1462
40 712
789 40
1461 789
712 1461
41 711
790 41
1460 790
711 1460
42 710
791 42
1459 791
710 1459
43 709
792 43
1458 792
709 1458
44 708
793 44
1457 793
708 1457
45 707
794 45
1456 794
707 1456
46 706
795 46
1455 795
706 1455
47 705
796 47
1454 796
705 1454
48 704
797 48
1453 797
704 1453
49 703
798 49
1452 798
703 1452
50 702
799 50
1451 799
702 1451
51 701
800 51
1450 800
701 1450
52 700
801 52
1449 801
700 1449
53 699
802 53
1448 802
699 1448
54 698
803 54
1447 803
698 1447
55 697
804 55
1446 804
697 1446
56 696
805 56
1445 805
696 1445
57 695
806 57
1444 806
695 1444
58 694
807 58
1443 807
694 1443
59 693
808 59
1442 808
693 1442
60 692
809 60
1441 809
692 1441
61 691
810 61
1440 810
691 1440
62 690
811 62
1439 811
690 1439
63 689
812 63
1438 812
689 1438
64 688
813 64
1437 813
688 1437
65 687
814 65
1436 814
687 1436
66 686
815 66
1435 815
686 1435
67 685
816 67
1434 816
685 1434
68 684
817 68
1433 817
684 1433
69 683
818 69
1432 818
683 1432
70 682
819 70
1431 819
682 1431
71 681
820 71
1430 820
681 1430
72 680
821 72
1429 821
680 1429
73 679
822 73
1428 822
679 1428
74 678
823 74
1427 823
678 1427
75 677
824 75
1426 824
677 1426
76 676
825 76
1425 825
676 1425
77 675
826 77
1424 826
675 1424
78 674
827 78
1423 827
674 1423
79 673
828 79
1422 828
673 1422
80 672
829 80
1421 829
672 1421
81 671
830 81
1420 830
671 1420
82 670
831 82
1419 831
670 1419
83 669
832 83
1418 832
669 1418
84 668
833 84
1417 833
668 1417
85 667
834 85
1416 834
667 1416
86 666
835 86
1415 835
666 1415
87 665
836 87
1414 836
665 1414
88 664
837 88
1413 837
664 1413
89 663
838 89
1412 838
663 1412
90 662
839 90
1411 839
662 1411
91 661
840 91
1410 840
661 1410
92 660
841 92
1409 841
660 1409
93 659
842 93
1408 842
659 1408
94 658
843 94
1407 843
658 1407
95 657
844 95
1406 844
657 1406
96 656
845 96
1405 845
656 1405
97 655
846 97
1404 846
655 1404
98 654
847 98
1403 847
654 1403
99 653
848 99
1402 848
653 1402
100 652
849 100
1401 849
652 1401
101 651
850 101
1400 850
651 1400
102 650
851 102
1399 851
650 1399
103 649
852 103
1398 852
649 1398
104 648
853 104
1397 853
648 1397
105 647
854 105
1396 854
647 1396
106 646
855 106
1395 855
646 1395
107 645
856 107
1394 856
645 1394
108 644
857 108
1393 857
644 1393
109 643
858 109
1392 858
643 1392
110 642
859 110
1391 859
642 1391
111 641
860 111
1390 860
641 1390
112 640
861 112
1389 861
640 1389
113 639
862 113
1388 862
639 1388
114 638
863 114
1387 863
638 1387
115 637
864 115
1386 864
637 1386
116 636
865 116
1385 865
636 1385
117 635
866 117
1384 866
635 1384
118 634
867 118
1383 867
634 1383
119 633
868 119
1382 868
633 1382
120 632
869 120
1381 869
632 1381
121 631
870 121
1380 870
631 1380
122 630
871 122
1379 871
630 1379
123 629
872 123
1378 872
629 1378
124 628
873 124
1377 873
628 1377
125 627
874 125
1376 874
627 1376
126 626
875 126
1375 875
626 1375
127 625
876 127
1374 876
625 1374
128 624
877 128
1373 877
624 1373
129 623
878 129
1372 878
623 1372
130 622
879 130
1371 879
622 1371
131 621
880 131
1370 880
621 1370
132 620
881 132
1369 881
620 1369
133 619
882 133
1368 882
619 1368
134 618
883 134
1367 883
618 1367
135 617
884 135
1366 884
617 1366
136 616
885 136
1365 885
616 1365
137 615
886 137
1364 886
615 1364
138 614
887 138
1363 887
614 1363
139 613
888 139
1362 888
613 1362
140 612
889 140
1361 889
612 1361
141 611
890 141
1360 890
611 1360
142 610
891 142
1359 891
610 1359
143 609
892 143
1358 892
609 1358
144 608
893 144
1357 893
608 1357
145 607
894 145
1356 894
607 1356
146 606
895 146
1355 895
606 1355
147 605
896 147
1354 896
605 1354
148 604
897 148
1353 897
604 1353
149 603
898 149
1352 898
603 1352
150 602
899 150
1351 899
602 1351
151 601
900 151
1350 900
601 1350
152 600
901 152
1349 901
600 1349
153 599
902 153
1348 902
599 1348
154 598
903 154
1347 903
598 1347
155 597
904 155
1346 904
597 1346
156 596
905 156
1345 905
596 1345
157 595
906 157
1344 906
595 1344
158 594
907 158
1343 907
594 1343
159 593
908 159
1342 908
593 1342
160 592
909 160
1341 909
592 1341
161 591
910 161
1340 910
591 1340
162 590
911 162
1339 911
590 1339
163 589
912 163
1338 912
589 1338
164 588
913 164
1337 913
588 1337
165 587
914 165
1336 914
587 1336
166 586
915 166
1335 915
586 1335
167 585
916 167
1334 916
585 1334
168 584
917 168
1333 917
584 1333
169 583
918 169
1332 918
583 1332
170 582
919 170
1331 919
582 1331
171 581
920 171
1330 920
581 1330
172 580
921 172
1329 921
580 1329
173 579
922 173
1328 922
579 1328
174 578
923 174
1327 923
578 1327
175 577
924 175
1326 924
577 1326
176 576
925 176
1325 925
576 1325
177 575
926 177
1324 926
575 1324
178 574
927 178
1323 927
574 1323
179 573
928 179
1322 928
573 1322
180 572
929 180
1321 929
572 1321
181 571
930 181
1320 930
571 1320
182 570
931 182
1319 931
570 1319
183 569
932 183
1318 932
569 1318
184 568
933 184
1317 933
568 1317
185 567
934 185
1316 934
567 1316
186 566
935 186
1315 935
566 1315
187 565
936 187
1314 936
565 1314
188 564
937 188
1313 937
564 1313
189 563
938 189
1312 938
563 1312
190 562
939 190
1311 939
562 1311
191 561
940 191
1310 940
561 1310
192 560
941 192
1309 941
560 1309
193 559
942 193
1308 942
559 1308
194 558
943 194
1307 943
558 1307
195 557
944 195
1306 944
557 1306
196 556
945 196
1305 945
556 1305
197 555
946 197
1304 946
555 1304
198 554
947 198
1303 947
554 1303
199 553
948 199
1302 948
553 1302
200 552
949 200
1301 949
552 1301
201 551
950 201
1300 950
551 1300
202 550
951 202
1299 951
550 1299
203 549
952 203
1298 952
549 1298
204 548
953 204
1297 953
548 1297
205 547
954 205
1296 954
547 1296
206 546
955 206
1295 955
546 1295
207 545
956 207
1294 956
545 1294
208 544
957 208
1293 957
544 1293
209 543
958 209
1292 958
543 1292
210 542
959 210
1291 959
542 1291
211 541
960 211
1290 960
541 1290
212 540
961 212
1289 961
540 1289
213 539
962 213
1288 962
539 1288
214 538
963 214
1287 963
538 1287
215 537
964 215
1286 964
537 1286
216 536
965 216
1285 965
536 1285
217 535
966 217
1284 966
535 1284
218 534
967 218
1283 967
534 1283
219 533
968 219
1282 968
533 1282
220 532
969 220
1281 969
532 1281
221 531
970 221
1280 970
531 1280
222 530
971 222
1279 971
530 1279
223 529
972 223
1278 972
529 1278
224 528
973 224
1277 973
528 1277
225 527
974 225
1276 974
527 1276
226 526
975 226
1275 975
526 1275
227 525
976 227
1274 976
525 1274
228 524
977 228
1273 977
524 1273
229 523
978 229
1272 978
523 1272
230 522
979 230
1271 979
522 1271
231 521
980 231
1270 980
521 1270
232 520
981 232
1269 981
520 1269
233 519
982 233
1268 982
519 1268
234 518
983 234
1267 983
518 1267
235 517
984 235
1266 984
517 1266
236 516
985 236
1265 985
516 1265
237 515
986 237
1264 986
515 1264
238 514
987 238
1263 987
514 1263
239 513
988 239
1262 988
513 1262
240 512
989 240
1261 989
512 1261
241 511
990 241
1260 990
511 1260
242 510
991 242
1259 991
510 1259
243 509
992 243
1258 992
509 1258
244 508
993 244
1257 993
508 1257
245 507
994 245
1256 994
507 1256
246 506
995 246
1255 995
506 1255
247 505
996 247
1254 996
505 1254
248 504
997 248
1253 997
504 1253
249 503
998 249
1252 998
503 1252
250 502
999 250
1251 999
502 1251
251 501
1000 251
1250 1000
501 1250
252 500
1001 252
1249 1001
500 1249
253 499
1002 253
1248 1002
499 1248
254 498
1003 254
1247 1003
498 1247
255 497
1004 255
1246 1004
497 1246
256 496
1005 256
1245 1005
496 1245
257 495
1006 257
1244 1006
495 1244
258 494
1007 258
1243 1007
494 1243
259 493
1008 259
1242 1008
493 1242
260 492
1009 260
1241 1009
492 1241
261 491
1010 261
1240 1010
491 1240
262 490
1011 262
1239 1011
490 1239
263 489
1012 263
1238 1012
489 1238
264 488
1013 264
1237 1013
488 1237
265 487
1014 265
1236 1014
487 1236
266 486
1015 266
1235 1015
486 1235
267 485
1016 267
1234 1016
485 1234
268 484
1017 268
1233 1017
484 1233
269 483
1018 269
1232 1018
483 1232
270 482
1019 270
1231 1019
482 1231
271 481
1020 271
1230 1020
481 1230
272 480
1021 272
1229 1021
480 1229
273 479
1022 273
1228 1022
479 1228
274 478
1023 274
1227 1023
478 1227
275 477
1024 275
1226 1024
477 1226
276 476
1025 276
1225 1025
476 1225
277 475
1026 277
1224 1026
475 1224
278 474
1027 278
1223 1027
474 1223
279 473
1028 279
1222 1028
473 1222
280 472
1029 280
1221 1029
472 1221
281 471
1030 281
1220 1030
471 1220
282 470
1031 282
1219 1031
470 1219
283 469
1032 283
1218 1032
469 1218
284 468
1033 284
1217 1033
468 1217
285 467
1034 285
1216 1034
467 1216
286 466
1035 286
1215 1035
466 1215
287 465
1036 287
1214 1036
465 1214
288 464
1037 288
1213 1037
464 1213
289 463
1038 289
1212 1038
463 1212
290 462
1039 290
1211 1039
462 1211
291 461
1040 291
1210 1040
461 1210
292 460
1041 292
1209 1041
460 1209
293 459
1042 293
1208 1042
459 1208
294 458
1043 294
1207 1043
458 1207
295 457
1044 295
1206 1044
457 1206
296 456
1045 296
1205 1045
456 1205
297 455
1046 297
1204 1046
455 1204
298 454
1047 298
1203 1047
454 1203
299 453
1048 299
1202 1048
453 1202
300 452
1049 300
1201 1049
452 1201
301 451
1050 301
1200 1050
451 1200
302 450
1051 302
1199 1051
450 1199
303 449
1052 303
1198 1052
449 1198
304 448
1053 304
1197 1053
448 1197
305 447
1054 305
1196 1054
447 1196
306 446
1055 306
1195 1055
446 1195
307 445
1056 307
1194 1056
445 1194
308 444
1057 308
1193 1057
444 1193
309 443
1058 309
1192 1058
443 1192
310 442
1059 310
1191 1059
442 1191
311 441
1060 311
1190 1060
441 1190
312 440
1061 312
1189 1061
440 1189
313 439
1062 313
1188 1062
439 1188
314 438
1063 314
1187 1063
438 1187
315 437
1064 315
1186 1064
437 1186
316 436
1065 316
1185 1065
436 1185
317 435
1066 317
1184 1066
435 1184
318 434
1067 318
1183 1067
434 1183
319 433
1068 319
1182 1068
433 1182
320 432
1069 320
1181 1069
432 1181
321 431
1070 321
1180 1070
431 1180
322 430
1071 322
1179 1071
430 1179
323 429
1072 323
1178 1072
429 1178
324 428
1073 324
1177 1073
428 1177
325 427
1074 325
1176 1074
427 1176
326 426
1075 326
1175 1075
426 1175
327 425
1076 327
1174 1076
425 1174
328 424
1077 328
1173 1077
424 1173
329 423
1078 329
1172 1078
423 1172
330 422
1079 330
1171 1079
422 1171
331 421
1080 331
1170 1080
421 1170
332 420
1081 332
1169 1081
420 1169
333 419
1082 333
1168 1082
419 1168
334 418
1083 334
1167 1083
418 1167
335 417
1084 335
1166 1084
417 1166
336 416
1085 336
1165 1085
416 1165
337 415
1086 337
1164 1086
415 1164
338 414
1087 338
1163 1087
414 1163
339 413
1088 339
1162 1088
413 1162
340 412
1089 340
1161 1089
412 1161
341 411
1090 341
1160 1090
411 1160
342 410
1091 342
1159 1091
410 1159
343 409
1092 343
1158 1092
409 1158
344 408
1093 344
1157 1093
408 1157
345 407
1094 345
1156 1094
407 1156
346 406
1095 346
1155 1095
406 1155
347 405
1096 347
1154 1096
405 1154
348 404
1097 348
1153 1097
404 1153
349 403
1098 349
1152 1098
403 1152
350 402
1099 350
1151 1099
402 1151
351 401
1100 351
1150 1100
401 1150
352 400
1101 352
1149 1101
400 1149
353 399
1102 353
1148 1102
399 1148
354 398
1103 354
1147 1103
398 1147
355 397
1104 355
1146 1104
397 1146
356 396
1105 356
1145 1105
396 1145
357 395
1106 357
1144 1106
395 1144
358 394
1107 358
1143 1107
394 1143
359 393
1108 359
1142 1108
393 1142
360 392
1109 360
1141 1109
392 1141
361 391
1110 361
1140 1110
391 1140
362 390
1111 362
1139 1111
390 1139
363 389
1112 363
1138 1112
389 1138
364 388
1113 364
1137 1113
388 1137
365 387
1114 365
1136 1114
387 1136
366 386
1115 366
1135 1115
386 1135
367 385
1116 367
1134 1116
385 1134
368 384
1117 368
1133 1117
384 1133
369 383
1118 369
1132 1118
383 1132
370 382
1119 370
1131 1119
382 1131
371 381
1120 371
1130 1120
381 1130
372 380
1121 372
1129 1121
380 1129
373 379
1122 373
1128 1122
379 1128
374 378
1123 374
1127 1123
378 1127
375 377
1124 375
1126 1124
377 1126
376 376
1125 376
1125 1125
376 1125
377 375
1126 377
1124 1126
375 1124
378 374
1127 378
1123 1127
374 1123
379 373
1128 379
1122 1128
373 1122
380 372
1129 380
1121 1129
372 1121
381 371
1130 381
1120 1130
371 1120
382 370
1131 382
1119 1131
370 1119
383 369
1132 383
1118 1132
369 1118
384 368
1133 384
1117 1133
368 1117
385 367
1134 385
1116 1134
367 1116
386 366
1135 386
1115 1135
366 1115
387 365
1136 387
1114 1136
365 1114
388 364
1137 388
1113 1137
364 1113
389 363
1138 389
1112 1138
363 1112
390 362
1139 390
1111 1139
362 1111
391 361
1140 391
1110 1140
361 1110
392 360
1141 392
1109 1141
360 1109
393 359
1142 393
1108 1142
359 1108
394 358
1143 394
1107 1143
358 1107
395 357
1144 395
1106 1144
357 1106
396 356
1145 396
1105 1145
356 1105
397 355
1146 397
1104 1146
355 1104
398 354
1147 398
1103 1147
354 1103
399 353
1148 399
1102 1148
353 1102
400 352
1149 400
1101 1149
352 1101
401 351
1150 401
1100 1150
351 1100
402 350
1151 402
1099 1151
350 1099
403 349
1152 403
1098 1152
349 1098
404 348
1153 404
1097 1153
348 1097
405 347
1154 405
1096 1154
347 1096
406 346
1155 406
1095 1155
346 1095
407 345
1156 407
1094 1156
345 1094
408 344
1157 408
1093 1157
344 1093
409 343
1158 409
1092 1158
343 1092
410 342
1159 410
1091 1159
342 1091
411 341
1160 411
1090 1160
341 1090
412 340
1161 412
1089 1161
340 1089
413 339
1162 413
1088 1162
339 1088
414 338
1163 414
1087 1163
338 1087
415 337
1164 415
1086 1164
337 1086
416 336
1165 416
1085 1165
336 1085
417 335
1166 417
1084 1166
335 1084
418 334
1167 418
1083 1167
334 1083
419 333
1168 419
1082 1168
333 1082
420 332
1169 420
1081 1169
332 1081
421 331
1170 421
1080 1170
331 1080
422 330
1171 422
1079 1171
330 1079
423 329
1172 423
1078 1172
329 1078
424 328
1173 424
1077 1173
328 1077
425 327
1174 425
1076 1174
327 1076
426 326
1175 426
1075 1175
326 1075
427 325
1176 427
1074 1176
325 1074
428 324
1177 428
1073 1177
324 1073
429 323
1178 429
1072 1178
323 1072
430 322
1179 430
1071 1179
322 1071
431 321
1180 431
1070 1180
321 1070
432 320
1181 432
1069 1181
320 1069
433 319
1182 433
1068 1182
319 1068
434 318
1183 434
1067 1183
318 1067
435 317
1184 435
1066 1184
317 1066
436 316
1185 436
1065 1185
316 1065
437 315
1186 437
1064 1186
315 1064
438 314
1187 438
1063 1187
314 1063
439 313
1188 439
1062 1188
313 1062
440 312
1189 440
1061 1189
312 1061
441 311
1190 441
1060 1190
311 1060
442 310
1191 442
1059 1191
310 1059
443 309
1192 443
1058 1192
309 1058
444 308
1193 444
1057 1193
308 1057
445 307
1194 445
1056 1194
307 1056
446 306
1195 446
1055 1195
306 1055
447 305
1196 447
1054 1196
305 1054
448 304
1197 448
1053 1197
304 1053
449 303
1198 449
1052 1198
303 1052
450 302
1199 450
1051 1199
302 1051
451 301
1200 451
1050 1200
301 1050
452 300
1201 452
1049 1201
300 1049
453 299
1202 453
1048 1202
299 1048
454 298
1203 454
1047 1203
298 1047
455 297
1204 455
1046 1204
297 1046
456 296
1205 456
1045 1205
296 1045
457 295
1206 457
1044 1206
295 1044
458 294
1207 458
1043 1207
294 1043
459 293
1208 459
1042 1208
293 1042
460 292
1209 460
1041 1209
292 1041
461 291
1210 461
1040 1210
291 1040
462 290
1211 462
1039 1211
290 1039
463 289
1212 463
1038 1212
289 1038
464 288
1213 464
1037 1213
288 1037
465 287
1214 465
1036 1214
287 1036
466 286
1215 466
1035 1215
286 1035
467 285
1216 467
1034 1216
285 1034
468 284
1217 468
1033 1217
284 1033
469 283
1218 469
1032 1218
283 1032
470 282
1219 470
1031 1219
282 1031
471 281
1220 471
1030 1220
281 1030
472 280
1221 472
1029 1221
280 1029
473 279
1222 473
1028 1222
279 1028
474 278
1223 474
1027 1223
278 1027
475 277
1224 475
1026 1224
277 1026
476 276
1225 476
1025 1225
276 1025
477 275
1226 477
1024 1226
275 1024
478 274
1227 478
1023 1227
274 1023
479 273
1228 479
1022 1228
273 1022
480 272
1229 480
1021 1229
272 1021
481 271
1230 481
1020 1230
271 1020
482 270
1231 482
1019 1231
270 1019
483 269
1232 483
1018 1232
269 1018
484 268
1233 484
1017 1233
268 1017
485 267
1234 485
1016 1234
267 1016
486 266
1235 486
1015 1235
266 1015
487 265
1236 487
1014 1236
265 1014
488 264
1237 488
1013 1237
264 1013
489 263
1238 489
1012 1238
263 1012
490 262
1239 490
1011 1239
262 1011
491 261
1240 491
1010 1240
261 1010
492 260
1241 492
1009 1241
260 1009
493 259
1242 493
1008 1242
259 1008
494 258
1243 494
1007 1243
258 1007
495 257
1244 495
1006 1244
257 1006
496 256
1245 496
1005 1245
256 1005
497 255
1246 497
1004 1246
255 1004
498 254
1247 498
1003 1247
254 1003
499 253
1248 499
1002 1248
253 1002
500 252
1249 500
1001 1249
252 1001
501 251
1250 501
1000 1250
251 1000
502 250
1251 502
999 1251
250 999
503 249
1252 503
998 1252
249 998
504 248
1253 504
997 1253
248 997
505 247
1254 505
996 1254
247 996
506 246
1255 506
995 1255
246 995
507 245
1256 507
994 1256
245 994
508 244
1257 508
993 1257
244 993
509 243
1258 509
992 1258
243 992
510 242
1259 510
991 1259
242 991
511 241
1260 511
990 1260
241 990
512 240
1261 512
989 1261
240 989
513 239
1262 513
988 1262
239 988
514 238
1263 514
987 1263
238 987
515 237
1264 515
986 1264
237 986
516 236
1265 516
985 1265
236 985
517 235
1266 517
984 1266
235 984
518 234
1267 518
983 1267
234 983
519 233
1268 519
982 1268
233 982
520 232
1269 520
981 1269
232 981
521 231
1270 521
980 1270
231 980
522 230
1271 522
979 1271
230 979
523 229
1272 523
978 1272
229 978
524 228
1273 524
977 1273
228 977
525 227
1274 525
976 1274
227 976
526 226
1275 526
975 1275
226 975
527 225
1276 527
974 1276
225 974
528 224
1277 528
973 1277
224 973
529 223
1278 529
972 1278
223 972
530 222
1279 530
971 1279
222 971
531 221
1280 531
970 1280
221 970
532 220
1281 532
969 1281
220 969
533 219
1282 533
968 1282
219 968
534 218
1283 534
967 1283
218 967
535 217
1284 535
966 1284
217 966
536 216
1285 536
965 1285
216 965
537 215
1286 537
964 1286
215 964
538 214
1287 538
963 1287
214 963
539 213
1288 539
962 1288
213 962
540 212
1289 540
961 1289
212 961
541 211
1290 541
960 1290
211 960
542 210
1291 542
959 1291
210 959
543 209
1292 543
958 1292
209 958
544 208
1293 544
957 1293
208 957
545 207
1294 545
956 1294
207 956
546 206
1295 546
955 1295
206 955
547 205
1296 547
954 1296
205 954
548 204
1297 548
953 1297
204 953
549 203
1298 549
952 1298
203 952
550 202
1299 550
951 1299
202 951
551 201
1300 551
950 1300
201 950
552 200
1301 552
949 1301
200 949
553 199
1302 553
948 1302
199 948
554 198
1303 554
947 1303
198 947
555 197
1304 555
946 1304
197 946
556 196
1305 556
945 1305
196 945
557 195
1306 557
944 1306
195 944
558 194
1307 558
943 1307
194 943
559 193
1308 559
942 1308
193 942
560 192
1309 560
941 1309
192 941
561 191
1310 561
940 1310
191 940
562 190
1311 562
939 1311
190 939
563 189
1312 563
938 1312
189 938
564 188
1313 564
937 1313
188 937
565 187
1314 565
936 1314
187 936
566 186
1315 566
935 1315
186 935
567 185
1316 567
934 1316
185 934
568 184
1317 568
933 1317
184 933
569 183
1318 569
932 1318
183 932
570 182
1319 570
931 1319
182 931
571 181
1320 571
930 1320
181 930
572 180
1321 572
929 1321
180 929
573 179
1322 573
928 1322
179 928
574 178
1323 574
927 1323
178 927
575 177
1324 575
926 1324
177 926
576 176
1325 576
925 1325
176 925
577 175
1326 577
924 1326
175 924
578 174
1327 578
923 1327
174 923
579 173
1328 579
922 1328
173 922
580 172
1329 580
921 1329
172 921
581 171
1330 581
920 1330
171 920
582 170
1331 582
919 1331
170 919
583 169
1332 583
918 1332
169 918
584 168
1333 584
917 1333
168 917
585 167
1334 585
916 1334
167 916
586 166
1335 586
915 1335
166 915
587 165
1336 587
914 1336
165 914
588 164
1337 588
913 1337
164 913
589 163
1338 589
912 1338
163 912
590 162
1339 590
911 1339
162 911
591 161
1340 591
910 1340
161 910
592 160
1341 592
909 1341
160 909
593 159
1342 593
908 1342
159 908
594 158
1343 594
907 1343
158 907
595 157
1344 595
906 1344
157 906
596 156
1345 596
905 1345
156 905
597 155
1346 597
904 1346
155 904
598 154
1347 598
903 1347
154 903
599 153
1348 599
902 1348
153 902
600 152
1349 600
901 1349
152 901
601 151
1350 601
900 1350
151 900
602 150
1351 602
899 1351
150 899
603 149
1352 603
898 1352
149 898
604 148
1353 604
897 1353
148 897
605 147
1354 605
896 1354
147 896
606 146
1355 606
895 1355
146 895
607 145
1356 607
894 1356
145 894
608 144
1357 608
893 1357
144 893
609 143
1358 609
892 1358
143 892
610 142
1359 610
891 1359
142 891
611 141
1360 611
890 1360
141 890
612 140
1361 612
889 1361
140 889
613 139
1362 613
888 1362
139 888
614 138
1363 614
887 1363
138 887
615 137
1364 615
886 1364
137 886
616 136
1365 616
885 1365
136 885
617 135
1366 617
884 1366
135 884
618 134
1367 618
883 1367
134 883
619 133
1368 619
882 1368
133 882
620 132
1369 620
881 1369
132 881
621 131
1370 621
880 1370
131 880
622 130
1371 622
879 1371
130 879
623 129
1372 623
878 1372
129 878
624 128
1373 624
877 1373
128 877
625 127
1374 625
876 1374
127 876
626 126
1375 626
875 1375
126 875
627 125
1376 627
874 1376
125 874
628 124
1377 628
873 1377
124 873
629 123
1378 629
872 1378
123 872
630 122
1379 630
871 1379
122 871
631 121
1380 631
870 1380
121 870
632 120
1381 632
869 1381
120 869
633 119
1382 633
868 1382
119 868
634 118
1383 634
867 1383
118 867
635 117
1384 635
866 1384
117 866
636 116
1385 636
865 1385
116 865
637 115
1386 637
864 1386
115 864
638 114
1387 638
863 1387
114 863
639 113
1388 639
862 1388
113 862
640 112
1389 640
861 1389
112 861
641 111
1390 641
860 1390
111 860
642 110
1391 642
859 1391
110 859
643 109
1392 643
858 1392
109 858
644 108
1393 644
857 1393
108 857
645 107
1394 645
856 1394
107 856
646 106
1395 646
855 1395
106 855
647 105
1396 647
854 1396
105 854
648 104
1397 648
853 1397
104 853
649 103
1398 649
852 1398
103 852
650 102
1399 650
851 1399
102 851
651 101
1400 651
850 1400
101 850
652 100
1401 652
849 1401
100 849
653 99
1402 653
848 1402
99 848
654 98
1403 654
847 1403
98 847
655 97
1404 655
846 1404
97 846
656 96
1405 656
845 1405
96 845
657 95
1406 657
844 1406
95 844
658 94
1407 658
843 1407
94 843
659 93
1408 659
842 1408
93 842
660 92
1409 660
841 1409
92 841
661 91
1410 661
840 1410
91 840
662 90
1411 662
839 1411
90 839
663 89
1412 663
838 1412
89 838
664 88
1413 664
837 1413
88 837
665 87
1414 665
836 1414
87 836
666 86
1415 666
835 1415
86 835
667 85
1416 667
834 1416
85 834
668 84
1417 668
833 1417
84 833
669 83
1418 669
832 1418
83 832
670 82
1419 670
831 1419
82 831
671 81
1420 671
830 1420
81 830
672 80
1421 672
829 1421
80 829
673 79
1422 673
828 1422
79 828
674 78
1423 674
827 1423
78 827
675 77
1424 675
826 1424
77 826
676 76
1425 676
825 1425
76 825
677 75
1426 677
824 1426
75 824
678 74
1427 678
823 1427
74 823
679 73
1428 679
822 1428
73 822
680 72
1429 680
821 1429
72 821
681 71
1430 681
820 1430
71 820
682 70
1431 682
819 1431
70 819
683 69
1432 683
818 1432
69 818
684 68
1433 684
817 1433
68 817
685 67
1434 685
816 1434
67 816
686 66
1435 686
815 1435
66 815
687 65
1436 687
814 1436
65 814
688 64
1437 688
813 1437
64 813
689 63
1438 689
812 1438
63 812
690 62
1439 690
811 1439
62 811
691 61
1440 691
810 1440
61 810
692 60
1441 692
809 1441
60 809
693 59
1442 693
808 1442
59 808
694 58
1443 694
807 1443
58 807
695 57
1444 695
806 1444
57 806
696 56
1445 696
805 1445
56 805
697 55
1446 697
804 1446
55 804
698 54
1447 698
803 1447
54 803
699 53
1448 699
802 1448
53 802
700 52
1449 700
801 1449
52 801
701 51
1450 701
800 1450
51 800
702 50
1451 702
799 1451
50 799
703 49
1452 703
798 1452
49 798
704 48
1453 704
797 1453
48 797
705 47
1454 705
796 1454
47 796
706 46
1455 706
795 1455
46 795
707 45
1456 707
794 1456
45 794
708 44
1457 708
793 1457
44 793
709 43
1458 709
792 1458
43 792
710 42
1459 710
791 1459
42 791
711 41
1460 711
790 1460
41 790
712 40
1461 712
789 1461
40 789
713 39
1462 713
788 1462
39 788
714 38
1463 714
787 1463
38 787
715 37
1464 715
786 1464
37 786
716 36
1465 716
785 1465
36 785
717 35
1466 717
784 1466
35 784
718 34
1467 718
783 1467
34 783
719 33
1468 719
782 1468
33 782
720 32
1469 720
781 1469
32 781
721 31
1470 721
780 1470
31 780
722 30
1471 722
779 1471
30 779
723 29
1472 723
778 1472
29 778
724 28
1473 724
777 1473
28 777
725 27
1474 725
776 1474
27 776
726 26
1475 726
775 1475
26 775
727 25
1476 727
774 1476
25 774
728 24
1477 728
773 1477
24 773
729 23
1478 729
772 1478
23 772
730 22
1479 730
771 1479
22 771
731 21
1480 731
770 1480
21 770
732 20
1481 732
769 1481
20 769
733 19
1482 733
768 1482
19 768
734 18
1483 734
767 1483
18 767
735 17
1484 735
766 1484
17 766
736 16
1485 736
765 1485
16 765
737 15
1486 737
764 1486
15 764
738 14
1487 738
763 1487
14 763
739 13
1488 739
762 1488
13 762
740 12
1489 740
761 1489
12 761
741 11
1490 741
760 1490
11 760
742 10
1491 742
759 1491
10 759
743 9
1492 743
758 1492
9 758
744 8
1493 744
757 1493
8 757
745 7
1494 745
756 1494
7 756
746 6
1495 746
755 1495
6 755
747 5
1496 747
754 1496
5 754
748 4
1497 748
753 1497
4 753
749 3
1498 749
752 1498
3 752
750 2
1499 750
751 1499
2 751
1417 1153
1160 302
1079 1245
991 1327
1153 1335
1159 1428
1133 309
62 393
1289 1414
1278 380
1128 1230
1359 533
5 291
245 1370
40 388
385 1228
254 1387
368 275
1308 396
1135 1454
402 1370
1401 1029
294 334
1465 1496
1242 1367
1235 1107
611 1388
11 139
1246 403
1382 31
185 344
1450 389
1438 1138
1475 404
1282 221
85 470
1224 19
1046 111
15 1347
322 1344
1273 246
1471 153
1138 1242
1049 68
459 1464
176 1471
238 1072
1479 968
398 59
1349 1158
255 50
1372 1459
222 340
994 1392
424 268
534 52
1240 29
168 145
1346 536
1333 212
1482 653
1353 1142
516 1296
1103 38
1311 1443
962 50
1491 1232
195 1044
209 293
1317 273
1216 1360
178 4
469 213
387 1205
169 168
264 142
188 1164
1009 1417
1472 972
9 1199
1410 194
1044 229
1294 135
185 5
1275 1105
221 59
243 225
53 1259
1359 1459
3 1006
842 1438
405 86
1342 1390
504 243
1278 1161
29 273
924 131
581 1473
1206 1060
8 1034
532 1424
1463 801
1366 1477
352 1401
48 1262
1075 244
356 234
1413 1286
626 1444
1465 1167
387 165
1203 1241
682 1463
1420 315
875 56
233 361
1332 315
113 980
50 1136
238 306
917 1497
1039 126
1470 534
1354 159
130 300
273 465
1453 1089
166 71
124 1282
80 6
1498 220
64 1170
1429 477
963 52
163 1033
1184 1344
1471 1043
124 454
32 1280
223 394
1146 108
123 1372
1311 357
379 140
39 675
1119 1244
859 1470
987 1363
1495 1393
326 1244
1422 546
30 912
246 182
296 1449
1182 413
248 431
1322 1135
145 1453
48 587
76 945
285 230
958 1387
1012 1306
11 230
499 151
1205 1194
251 23
86 632
138 270
1438 1286
35 1403
1355 945
1271 1273
145 508
384 261
376 1212
423 94
65 1200
454 138
546 21
450 1393
134 1012
327 1251
1241 1255
1426 104
131 1446
347 1138
1101 1404
352 333
466 152
904 96
1285 1019
327 1404
255 366
84 1178
1491 147
631 11
146 1165
973 43
1475 4
133 200
397 248
1491 202
14 1017
1466 1392
236 305
286 1259
1359 112
1401 1396
1354 1282
1245 56
59 340
280 267
137 15
1339 472
173 1339
120 1172
459 253
232 993
1263 1038
15 649
1486 674
972 74
1409 85
1051 1358
249 1092
338 1234
310 399
249 1035
660 1415
1409 571
1172 220
1240 35
1385 1042
907 10
1474 282
1213 1268
1104 1446
312 54
1218 117
1110 1493
926 1388
1381 1103
1248 55
1412 658
465 87
327 1181
31 1407
232 231
363 1462
1183 1092
542 1351
1048 236
656 1447
1277 453
1394 1219
190 1357
1112 1179
1372 175
389 1457
470 1420
1278 1086
240 1284
1292 186
1417 1150
1063 237
77 415
114 79
229 222
49 313
412 7
235 1412
151 1010
1470 242
1385 2
90 29
1401 627
12 424
1241 259
1209 97
535 28
70 1421
170 1190
1472 1435
1481 957
1380 198
1479 395
967 86
1162 299
1124 1384
113 1363
442 1200
1438 604
9 1330
237 85
336 61
248 1491
1093 329
1434 1234
1273 1209
1277 236
1366 79
1302 1416
76 1042
1460 465
268 34
1367 383
208 966
337 308
1209 415
1085 278
1363 120
69 666
80 92
1406 318
122 1281
885 129
1314 1365
1314 996
442 179
519 1474
1442 821
333 1162
831 32
1236 1178
29 716
347 1147
171 1056
1171 192
134 1230
458 176
1081 61
46 114
4 904
6 419
361 23
1028 161
1454 560
214 149
1406 1223
397 159
508 1291
606 110
1455 1484
363 367
1150 1267
1488 1016
123 1486
328 1080
1367 1009
366 293
219 11
1146 1154
1019 108
66 1103
354 1187
366 1465
371 1420
297 1178
1081 119
156 1170
1440 323
868 14
328 1249
1357 548
100 1170
1181 1475
206 1431
1198 74
979 81
116 507
312 1303
437 173
1314 1402
389 1479
157 239
982 1367
156 923
181 1319
281 1093
1347 341
35 887
1375 178
79 330
1236 458
1412 661
1126 1439
1266 115
269 1046
1100 1162
1040 1418
309 374
1437 937
33 1260
920 1392
279 274
424 57
369 1425
206 265
3 54
15 1476
178 1403
151 1164
1094 1335
41 270
979 202
1317 1056
255 1337
1406 1200
1345 593
548 144
977 1296
1273 140
1242 1077
1028 203
1204 263
1291 1441
1267 48
1287 1478
313 432
1071 1366
1410 629
1295 20
1452 70
109 164
308 291
1373 1164
230 1486
4 613
1218 1043
77 1164
119 996
1048 162
396 306
875 1483
1355 63
1011 1460
59 471
204 89
966 185
1443 837
481 1440
441 1213
1457 963
115 452
27 145
1479 1118
1111 330
138 471
1075 1401
1429 319
109 1037
181 1009
1233 453
1381 1146
1387 949
1452 491
101 1395
1383 344
1381 1052
1113 1420
359 242
1077 256
550 32
194 448
1306 189
1094 318
130 997
1363 255
293 1273
1403 377
1479 1146
1225 1423
1276 1172
148 954
410 1175
1104 1188
1420 6
76 1245
124 236
1386 600
393 1418
1159 105
922 134
266 1435
1393 361
932 139
1258 344
116 413
122 88
415 1342
709 1461
1438 1229
1236 1196
1481 564
1292 149
524 110
963 1407
222 1126
1109 207
24 489
1304 1276
78 238
543 1302
343 397
1145 1465
99 1323
300 1134
1421 1338
1368 125
477 129
1403 399
1079 184
680 1492
65 1374
1273 100
457 1258
1202 266
266 474
660 26
70 305
1498 123
267 1362
57 443
1105 205
840 83
79 1297
7 512
869 1465
7 90
911 144
822 1448
1400 271
1064 97
1349 323
1063 132
1458 257
447 128
236 367
1298 249
1092 275
168 4
1042 188
1154 1120
11 1263
51 823
44 1372
1097 328
94 469
1192 129
36 1119
1452 799
204 1073
1476 1237
5 1122
1477 442
173 1180
1439 254
980 1497
110 1149
1136 1343
6 452
399 279
1212 1451
271 1154
106 3
988 1482
231 244
61 1248
108 298
69 1194
1483 190
244 1131
614 128
1495 1442
1257 430
1364 419
1382 964
1471 437
516 136
1362 1351
836 1451
1431 1160
134 903
500 1333
1279 248
1456 1104
76 514
1156 116
1483 661
1352 421
1088 1165
1349 907
1033 143
60 1058
301 160
1412 91
1045 1388
114 1043
1418 333
1224 386
384 349
1209 309
525 165
1419 526
830 11
1358 272
1444 275
908 103
583 1442
467 275
102 982
281 154
1041 1230
490 212
1216 1090
346 350
959 120
1112 1477
385 117
44 128
1465 929
98 348
3 739
1197 1462
58 26
1170 1215
292 1273
193 415
319 144
48 578
59 355
1198 154
1261 1123
1455 1309
99 1367
142 72
1159 395
12 653
1328 162
30 991
80 61
1130 82
1072 244
1396 1247
68 1134
138 154
1314 430
326 1285
1119 1174
461 1447
150 221
50 603
155 95
30 80
1420 506
1303 126
105 1284
1484 568
254 1166
981 39
122 1270
1483 468
1241 403
397 307
179 1119
1346 157
255 1187
348 1468
1432 76
1444 1262
161 202
240 299
1458 1492
587 1438
55 1266
305 42
1193 399
1147 1313
1110 1156
26 1336
1456 1146
1258 100
493 23
255 1199
1477 452
303 1055
383 182
1486 869
1276 157
899 94
1325 59
1201 1089
956 1332
587 1411
1201 1279
1425 1391
1396 192
1378 1170
1205 1205
690 1445
16 143
1402 1013
91 1262
198 997
1495 980
1260 1283
299 1326
481 1427
8 647
108 447
1202 233
178 423
200 188
7 719
482 1414
177 1415
193 1446
255 1487
998 1432
992 194
682 1446
1391 218
1305 1240
1407 1460
280 1093
33 909
1152 1219
1451 1381
872 1485
1008 214
235 1129
1473 1050
1413 81
1255 1254
14 984
1332 112
90 1171
255 108
1374 396
1122 1480
1366 1114
473 1416
375 305
1233 1332
1312 1185
951 1324
1381 544
1220 1227
318 77
1163 1248
259 146
1128 339
256 1474
1057 1205
361 42
72 56
70 421
49 1453
1403 1145
1229 1179
1423 18
1400 627
315 1150
30 553
1435 330
858 1418
1479 362
1119 218
33 325
1370 1475
50 1072
64 489
253 1187
1271 502
1343 400
149 60
20 101
556 104
274 125
875 1391
555 1476
656 6
1409 1234
438 1459
1228 1393
490 1467
1111 1158
1080 1291
979 1467
1390 1236
1307 108
17 858
202 1123
344 1453
1457 1336
1222 405
1003 93
1456 1368
351 1141
69 599
1072 1493
1430 926
1099 322
410 60
1415 1007
1069 1229
1451 840
1055 9
1230 469
1132 325
1414 425
1236 156
1475 440
1367 541
1469 527
209 1062
1444 596
1173 1362
1286 1119
1233 35
486 247
373 1144
1181 278
1404 1405
939 116
1008 1414
152 1216
296 1275
393 1359
554 1496
83 1062
1443 1144
1296 1312
612 1487
34 1000
18 344
1337 319
24 1368
279 436
1095 133
181 311
160 114
160 522
111 210
1182 246
946 28
1412 1036
1029 247
1165 248
1494 831
1496 1425
11 998
1228 177
1423 302
1195 334
1238 1222
1113 229
219 1157
607 1398
372 1138
617 1413
1142 1448
988 169
217 174
104 5
1433 1467
547 1365
148 469
1481 1305
1009 113
330 1347
1463 830
218 472
1428 6
1435 650
718 1483
173 32
959 1303
209 1130
325 135
1084 193
1232 1248
200 283
1145 1135
271 1488
1181 1454
1110 1484
7 492
194 1272
882 24
1286 436
1208 441
102 1265
241 125
352 1135
554 1348
157 1383
1134 59
183 1185
356 118
532 1470
387 129
1474 1045
1454 614
154 1059
1085 1337
216 465
186 497
361 1365
273 1409
327 1189
1440 500
151 190
216 132
1463 423
1268 128
36 896
47 816
1039 78
1393 1079
1491 129
291 1227
1486 171
54 576
54 1078
60 814
1435 973
182 503
1008 27
313 159
799 26
96 571
1289 245
521 5
199 218
965 146
194 1372
342 296
1475 354
1132 1344
222 311
1372 1187
1000 39
1070 265
213 105
216 1460
1057 1316
1310 79
481 1351
78 1211
72 273
1414 359
118 1106
1267 118
143 942
199 525
22 450
1186 162
1465 669
1237 140
996 170
489 1272
1199 1464
70 1439
1169 61
844 49
107 9
1420 154
1267 218
1314 946
322 1289
428 1472
1306 952
46 670
415 1365
828 12
1443 176
1412 1102
1486 952
1438 947
51 305
274 199
306 1486
1423 1448
504 234
387 1340
1431 79
866 1422
282 69
1157 1266
219 1418
1261 321
1104 1444
141 521
1156 243
1492 203
1258 408
1345 154
21 1227
871 92
266 34
79 317
187 1130
127 1307
233 1038
1019 123
1363 558
1098 1173
23 76
137 1193
1252 1357
84 421
1223 1495
1498 1367
80 1008
1383 271
388 61
145 406
1044 1385
133 1281
260 1108
964 1491
71 229
63 108
591 94
559 1337
1048 187
699 47
78 93
2 1461
850 1457
424 183
1224 441
1128 284
71 665
1059 1353
1382 907
611 91
1257 23
1381 1214
1417 1466
981 1431
1448 84
1089 31
71 343
1486 1441
1296 499
398 1487
1185 171
254 173
1288 253
108 947
254 1159
1381 449
1416 1430
12 1452
1258 482
128 1046
236 431
44 1379
1421 1216
105 1006
78 1092
575 139
159 1329
1466 1113
470 214
1330 1221
137 1321
1323 1494
1456 242
1457 29
348 30
1335 1020
60 1193
1432 240
405 312
1176 236
1239 140
684 37
170 183
191 78
1260 1278
20 610
1441 209
70 1330
1125 167
1351 1243
1270 1286
397 337
1241 239
1118 174
335 86
1429 1130
1146 86
1401 1485
1291 270
1425 230
1347 40
1294 1401
142 355
133 1250
563 3
1349 1323
1239 1118
1336 371
305 1183
728 1487
1185 34
1373 558
313 379
197 64
1374 192
487 1301
155 356
328 1242
1124 1371
1451 1101
1437 255
1471 1047
970 161
241 435
1287 1146
289 1350
1129 1465
1159 1121
403 1393
999 93
636 20
910 34
1439 1471
380 3
1111 278
371 1246
85 44
20 1073
707 27
198 203
209 338
208 74
214 1217
1220 1264
1233 1373
356 1150
632 1483
1054 224
93 581
94 880
1215 1096
63 60
584 19
299 56
59 551
1165 161
99 519
1329 176
160 111
1482 992
291 319
572 74
59 1372
1311 1215
318 60
1497 33
14 75
12 1100
456 203
226 1088
227 324
1390 271
1169 15
100 1095
1214 78
53 264
63 907
1230 414
1014 56
1271 1394
571 163
1387 1226
1383 18
195 254
1166 386
235 1336
1424 835
1025 1379
412 216
1059 1252
232 133
329 224
194 965
360 349
53 1098
1439 1182
1122 1447
304 1255
1310 1412
207 417
1330 369
126 419
1248 1193
133 511
188 1418
416 1330
1304 1225
338 1193
139 1079
963 1339
1260 292
141 1482
1457 308
1012 1310
622 1373
158 175
1395 261
130 109
1434 937
971 1339
104 128
1416 1052
1495 9
1190 209
254 1038
287 1256
352 1247
498 1273
1405 1417
1465 1292
1019 1390
414 305
1288 1337
152 1259
614 12
239 330
1488 898
143 1245
176 1003
528 165
193 1323
92 197
250 255
1110 1453
262 204
1471 1199
389 1277
542 96
281 1091
983 1487
1483 1040
141 1347
21 266
1391 1030
150 1179
965 1317
122 406
1277 1489
1083 1365
369 49
1480 780
189 1344
419 258
272 1255
187 1377
1270 1420
171 1132
982 45
119 1033
1266 1123
1143 1450
1369 1193
241 115
1365 87
98 862
221 422
1365 53
341 1195
40 1187
150 87
1044 20
92 361
1387 553
1088 1496
992 1343
5 723
1473 573
1378 916
1361 904
43 386
869 1407
1360 1196
464 102
1300 965
1288 342
167 1487
1181 15
991 1498
342 1477
378 82
1283 152
152 358
1192 380
1337 294
640 1497
371 1332
714 1466
1176 1263
1452 108
1462 1214
1304 21
1246 1101
1454 1429
1418 660
1450 1285
1470 150
1294 1345
1156 1129
1145 229
1060 206
1404 1463
1335 474
1431 1316
404 1476
161 1426
112 382
1437 965
71 628
81 569
1462 893
1213 246
1256 1210
279 1194
1401 478
456 30
1306 1461
1465 575
430 2
1143 255
47 1034
1426 1172
54 169
1276 1042
1365 989
16 1188
659 1452
1487 469
204 190
1266 338
1231 1255
1410 259
1131 1413
278 421
339 1142
68 213
60 815
538 173
1073 241
185 437
1001 1352
1382 1025
454 259
122 316
295 1480
1380 1262
1451 449
1450 553
1485 547
1398 1024
1317 1234
358 1332
207 1270
1200 1110
257 292
1445 438
1394 289
1038 71
183 1406
1404 1249
1294 1164
1492 556
1210 1332
130 586
1195 1082
1335 403
1157 1397
366 122
1272 61
953 177
74 71
321 322
1396 246
1276 158
1185 127
1083 1373
1364 1059
1446 1252
1259 1040
1195 146
1267 1267
1043 1247
306 1225
1181 1379
1014 196
652 76
1079 243
1374 1406
1462 1459
42 305
20 1208
1382 317
282 1145
283 1439
316 283
86 931
461 1261
246 1299
126 270
1482 1492
188 1251
7 250
416 1376
20 879
1242 1110
1406 61
1422 1387
311 301
1416 663
1484 938
205 129
1473 843
1382 302
881 70
1161 1378
146 564
549 1403
69 1354
178 325
1149 46
1374 461
243 214
546 196
1236 333
488 52
107 431
113 201
512 158
1219 381
383 1439
1391 385
389 111
1403 567
99 1406
162 301
1251 398
451 170
1257 379
1277 37
138 407
1493 138
1358 1398
820 1476
7 1289
1378 464
198 424
335 34
183 298
337 1237
107 217
270 1180
230 1433
1173 1492
1202 1070
612 1464
93 929
1266 1456
1421 971
502 206
1376 1067
1266 1212
1489 187
371 1134
1441 206
449 1284
271 370
1237 1488
144 1086
419 60
1267 1484
1187 336
1235 289
1192 303
1355 330
1273 417
1014 164
69 223
1205 1330
402 160
6 115
1062 1366
1355 1193
1094 103
278 1143
1482 421
207 1225
431 110
83 380
197 1303
1117 1264
