20000 157
14983 17898
4445 14735
3566 15296
19685 6840
1563 3569
18457 5152
3674 16563
338 9266
220 9815
17078 11756
19331 14885
9955 1185
6925 9894
13097 8482
11033 17716
16385 704
13847 11591
3104 4082
12070 7958
19498 10013
15911 578
13392 17303
18580 11004
15154 14976
16230 18510
7250 14494
14621 17642
9883 7278
13228 3050
5853 5566
15993 7477
14544 6967
8363 15873
2252 17858
539 15016
13181 4535
7842 13377
1219 10755
7507 9339
4001 16734
11796 5928
7541 8024
6437 9576
1757 16860
1449 16315
1498 7909
18248 10944
1384 15584
14632 8115
3397 17040
8273 14938
8028 12641
1279 657
11395 16510
3847 16723
6900 3118
19701 7112
14189 1456
6202 17181
6602 1222
7592 16662
1001 15953
14239 1511
10044 15218
11819 11065
4291 18290
16417 3876
4566 16703
7975 13998
6605 16271
12491 4733
1627 11337
8905 9501
18022 7659
11306 13489
17773 14259
11278 6955
8361 7646
4061 12978
6690 8451
7563 19648
8748 19021
10967 6092
8611 1978
352 1459
4390 11172
9918 1327
17769 15939
13555 5129
3328 8499
15571 1084
6748 9488
2284 7180
7940 14780
13881 5375
6694 16800
298 10531
8692 16075
8756 17003
19152 16961
17807 19505
16680 6303
3191 7474
13945 5031
7057 15634
15495 4697
19267 8675
11557 10404
7121 10723
13167 4736
14782 5322
16457 5804
5696 14004
4401 11041
294 17910
3011 18924
14519 13268
8702 3782
10871 5358
16491 8582
8494 4298
16387 9911
12671 2732
9409 16130
4257 4555
17312 16593
14532 9420
8086 10024
6049 3146
19551 4569
6407 13180
18198 13654
227 2265
19212 12674
17615 1505
15412 7124
2310 11218
3938 15765
12142 544
12589 7260
1727 6274
5587 2980
13120 13321
3958 6139
1474 2278
3458 1739
8317 2698
8431 8167
19741 10878
19457 15972
1803 214
12634 7190
17628 4105
8745 6452
4493 8655
1187 12912
3455 13425
