401 3600
5 263
8 263
11 262
13 261
15 263
19 264
21 264
23 265
24 266
27 268
30 270
34 269
38 269
42 271
43 271
46 271
48 271
51 270
53 270
54 270
55 270
58 272
59 271
62 273
65 272
67 271
70 270
71 272
75 275
77 274
80 274
81 274
82 276
86 277
87 276
89 278
90 280
94 283
95 286
96 289
98 289
101 288
105 288
109 287
113 288
114 291
117 290
118 291
121 293
123 292
125 292
128 293
130 293
131 293
133 293
134 294
137 294
141 293
142 293
143 294
144 294
145 296
149 296
150 295
152 295
156 295
159 297
162 296
164 298
167 301
169 302
170 305
173 304
177 303
179 303
182 303
185 303
188 304
189 306
193 305
197 305
201 306
204 308
207 310
210 310
214 311
218 312
89 2
87 6
87 7
86 11
87 12
84 16
84 19
84 22
82 26
81 28
81 32
80 36
80 37
81 41
81 45
82 46
82 50
80 52
78 55
77 58
78 61
77 62
77 66
75 67
76 69
75 72
74 73
75 76
76 79
77 81
76 84
77 88
76 92
76 96
74 99
73 103
70 105
69 107
69 110
67 112
67 115
65 118
64 121
65 123
65 126
63 129
60 131
61 135
60 136
58 137
59 141
58 142
57 143
55 147
56 148
54 149
55 152
55 156
53 159
50 163
51 164
51 168
49 169
46 171
46 175
43 178
43 180
44 181
44 184
45 187
45 189
46 190
47 193
45 197
42 199
42 203
41 206
39 210
39 212
38 216
37 217
37 219
37 220
35 221
34 225
32 229
31 232
348 86
344 84
343 83
339 84
338 81
337 82
334 79
330 80
326 78
325 79
324 77
320 75
317 73
314 74
310 75
306 73
303 71
299 72
298 71
297 70
294 70
290 70
289 69
285 70
284 69
280 69
277 67
273 65
270 64
266 65
263 65
260 66
257 67
255 66
252 67
250 64
249 64
246 65
243 64
240 65
237 66
233 64
229 65
226 64
222 65
220 63
217 61
216 58
215 55
214 55
210 55
209 53
205 51
203 52
202 52
200 51
197 48
193 46
189 44
188 44
187 44
185 44
183 43
181 43
179 43
178 41
177 39
175 40
174 39
171 37
169 35
165 33
163 31
160 29
158 29
155 30
151 29
150 27
149 26
148 24
146 22
142 21
141 21
138 22
135 20
132 21
130 18
263 346
263 344
265 341
265 338
266 337
267 333
266 331
265 328
266 325
265 321
265 319
264 316
263 313
262 310
262 306
262 302
261 299
263 295
264 291
265 289
267 288
268 287
270 283
269 281
270 278
271 275
270 274
271 271
271 267
270 266
272 263
274 262
276 259
277 257
276 255
279 254
280 251
280 249
282 245
283 244
286 243
285 239
285 235
286 232
286 229
286 226
286 222
288 221
289 219
289 217
288 216
289 215
292 211
291 207
293 206
296 202
296 198
299 196
299 194
298 192
301 188
300 184
299 182
302 179
304 177
307 173
309 171
310 168
309 167
311 166
310 163
310 160
310 157
311 154
313 150
312 147
314 143
313 139
312 135
313 132
314 130
314 129
314 125
314 122
315 119
316 115
316 111
359 132
93 381
396 253
373 359
400 194
31 394
370 356
401 373
317 351
279 374
395 254
37 352
359 234
376 3
348 399
136 389
143 358
368 91
383 163
232 398
12 387
290 397
372 390
277 366
314 391
365 52
112 351
362 192
74 357
385 248
375 316
396 286
379 302
370 150
375 260
357 3
393 48
396 337
77 359
340 355
23 367
386 204
369 56
396 82
368 10
355 174
368 5
222 364
203 382
375 221
103 352
366 205
184 370
310 363
46 361
236 366
376 154
45 360
382 2
335 379
362 18
351 167
382 343
401 282
384 260
65 393
391 220
246 362
363 169
332 394
298 368
384 53
114 375
356 92
363 86
233 386
375 391
359 11
153 374
330 372
363 149
355 255
120 397
383 376
205 396
367 6
369 382
334 394
365 137
12 398
362 320
71 356
194 398
156 384
168 379
394 332
102 387
189 382
193 389
396 74
355 180
5 377
320 386
231 378
81 385
312 364
386 260
145 384
357 377
70 351
237 372
389 238
363 110
390 261
177 393
351 127
363 47
216 366
390 157
385 95
371 19
376 315
181 387
363 382
206 381
173 384
379 72
401 181
220 377
378 206
376 22
375 372
169 380
380 63
392 81
102 371
364 162
361 248
377 7
196 396
385 201
359 310
391 394
381 198
359 115
293 351
377 339
388 88
53 391
371 244
125 399
273 351
377 298
249 384
163 357
359 4
156 400
322 385
401 29
153 367
381 280
383 103
253 384
382 246
234 359
330 384
355 104
352 387
87 379
189 386
143 394
303 364
352 42
382 190
390 45
252 389
379 141
367 232
131 357
376 30
328 364
399 116
289 365
361 356
384 396
13 399
382 45
396 299
394 24
371 225
393 204
283 397
14 383
359 305
362 30
118 362
363 171
380 212
388 144
383 132
357 129
274 370
372 372
149 394
392 124
366 369
367 94
375 227
238 356
21 384
367 186
366 191
388 135
176 393
371 293
287 373
71 358
366 181
366 226
160 390
273 398
326 387
395 376
394 100
359 356
377 126
392 94
32 377
390 44
356 8
337 372
325 377
382 11
294 365
369 7
352 258
353 183
372 262
323 365
394 95
172 363
331 352
388 146
384 31
376 92
361 67
283 356
225 381
39 356
189 354
373 271
58 372
143 362
299 363
2 379
376 373
234 373
5 381
290 363
20 360
374 357
9 388
324 393
362 109
401 117
330 365
378 372
362 331
358 266
389 193
279 352
363 360
91 399
224 378
111 355
384 385
110 379
400 178
358 51
67 361
296 352
299 359
311 351
212 386
364 87
387 372
300 371
401 67
366 75
387 39
324 398
394 302
370 161
74 377
281 398
287 400
380 253
192 365
371 157
166 371
337 356
142 370
381 164
141 394
380 401
336 384
356 14
401 109
121 370
333 376
202 382
372 169
122 358
384 395
378 76
166 374
187 365
375 81
339 371
381 398
367 98
40 368
129 384
379 200
165 390
366 108
385 253
369 265
235 397
39 385
377 241
380 278
360 134
396 394
183 372
355 91
346 395
348 383
322 391
382 6
392 120
19 359
387 81
356 394
369 143
388 358
394 262
361 72
72 363
275 352
257 397
307 395
263 387
353 35
387 311
181 358
399 107
353 344
217 370
249 398
140 351
363 21
390 194
351 240
368 110
73 394
128 370
313 399
392 156
172 365
365 260
392 265
342 376
100 393
138 396
390 48
78 395
248 368
352 9
103 379
368 171
173 387
359 307
366 244
352 76
365 46
323 398
143 401
372 253
373 93
369 263
367 18
176 367
361 225
134 366
95 381
344 355
365 354
8 383
354 105
362 372
383 81
360 145
266 388
363 363
361 38
47 378
32 367
58 359
390 389
360 283
137 393
381 193
174 367
364 53
39 373
395 309
396 23
49 367
201 391
383 20
385 277
357 389
221 381
380 7
90 375
334 395
388 231
362 71
287 388
301 374
136 360
390 264
64 376
16 376
224 398
392 19
353 307
102 366
266 370
351 216
387 52
387 398
366 54
363 229
42 386
398 60
374 309
377 316
392 380
173 356
367 184
61 400
229 379
97 367
204 360
139 388
62 368
150 401
377 364
249 353
136 357
307 378
351 163
266 386
351 187
368 204
47 362
307 364
118 365
352 359
357 130
292 385
368 385
167 371
268 399
371 331
377 256
359 288
380 355
379 76
388 373
384 10
117 388
365 396
378 325
190 375
359 131
401 34
351 348
364 240
75 385
115 362
379 344
136 394
371 211
72 368
196 372
8 369
59 361
358 49
352 290
161 370
65 360
331 369
262 351
261 384
131 363
370 304
195 365
228 399
178 352
401 206
357 361
293 358
236 353
399 16
398 259
81 374
22 353
134 379
145 395
399 332
13 362
286 365
268 375
381 290
270 357
122 382
314 362
13 352
52 370
347 401
312 395
56 370
260 360
393 228
85 372
175 376
360 215
139 394
387 222
97 365
157 366
366 148
74 376
356 309
384 298
389 71
114 371
66 387
347 369
387 327
84 380
355 353
380 326
134 386
228 352
369 72
51 393
208 401
389 344
352 27
369 51
335 381
288 393
208 384
351 385
379 346
337 357
331 353
387 103
376 63
100 375
206 371
378 141
350 370
221 355
396 256
395 255
382 357
387 105
394 359
24 356
338 361
276 386
367 353
108 401
270 355
390 58
242 393
400 62
261 360
361 346
342 383
365 98
399 356
391 293
375 40
330 373
151 360
342 369
5 370
129 381
328 355
266 399
245 372
401 243
241 356
255 364
293 361
365 216
230 355
401 60
393 333
390 99
358 343
364 377
153 398
385 396
365 42
352 37
26 365
379 26
273 382
158 389
401 304
398 134
395 107
390 201
391 173
387 101
372 325
387 93
357 357
377 344
361 142
357 251
292 390
356 325
364 97
363 366
361 341
401 72
336 368
146 377
383 182
282 398
381 371
379 59
239 384
380 232
381 360
399 184
387 307
105 354
380 169
363 124
258 357
237 353
359 219
34 355
145 373
237 376
368 340
387 283
355 321
71 395
399 296
365 219
128 360
300 353
318 396
365 223
127 354
359 343
356 15
353 320
15 378
360 273
352 122
346 354
11 373
372 191
353 174
311 380
171 369
357 226
363 255
345 389
395 281
366 77
313 354
11 369
89 369
365 154
397 364
361 307
392 337
8 356
276 364
240 364
325 364
378 233
374 289
395 53
106 361
84 388
372 195
296 367
195 396
211 385
312 356
364 30
362 389
351 333
354 261
392 259
97 388
305 367
270 379
221 384
282 370
264 366
379 305
384 70
360 224
72 385
165 395
398 109
49 372
345 375
42 353
197 363
306 370
386 160
389 313
144 379
93 386
173 394
25 383
197 395
362 272
111 374
96 355
128 357
354 38
365 326
339 384
375 388
367 106
84 391
371 68
19 370
254 401
109 401
368 3
355 40
197 358
384 266
384 334
37 400
364 36
397 225
399 277
115 391
367 123
369 19
400 1
391 255
193 383
391 45
187 394
14 393
395 257
385 75
241 396
357 310
237 395
299 373
398 121
224 390
233 352
55 355
373 335
130 395
359 146
172 378
32 380
256 354
62 359
398 182
365 57
1 398
358 60
388 102
50 362
384 109
386 144
235 373
229 395
348 351
382 382
86 382
392 330
359 40
361 108
119 383
364 306
290 390
369 191
385 146
388 170
362 341
163 368
158 366
393 177
361 192
354 318
226 355
370 99
387 274
352 392
59 377
150 358
391 158
128 353
370 9
151 372
122 365
401 394
360 92
370 175
379 342
140 390
369 193
357 211
399 103
387 356
77 382
169 373
351 98
373 388
88 371
331 391
362 43
86 375
365 87
351 15
398 242
52 365
358 308
360 246
341 351
78 373
201 351
235 381
127 377
391 242
264 355
386 254
354 63
382 23
361 363
399 3
118 368
380 73
359 298
354 354
370 109
110 377
2 392
180 363
351 365
382 295
367 389
370 300
380 353
154 377
392 53
379 251
33 401
108 383
3 369
340 365
369 231
168 387
368 41
126 396
23 389
271 382
370 383
377 16
355 170
266 368
284 391
354 313
382 27
136 361
171 352
371 132
362 147
181 353
193 393
396 124
336 371
206 376
399 122
226 388
158 373
149 375
356 43
392 342
391 135
376 5
380 325
93 376
96 380
21 353
360 94
374 399
177 387
381 71
128 384
382 391
371 171
206 398
357 222
381 179
355 47
378 135
245 352
139 398
367 24
184 377
382 187
236 395
51 357
383 388
356 3
273 391
308 392
271 401
85 395
14 365
361 231
365 319
274 376
360 173
106 380
368 369
72 351
394 371
358 353
388 129
231 364
275 361
244 386
107 382
387 55
369 364
352 216
176 369
381 40
207 388
397 77
66 395
14 401
7 378
69 353
377 345
92 358
69 364
396 315
376 74
355 350
328 353
359 391
375 226
399 121
40 366
393 135
320 372
81 351
268 386
64 369
369 158
396 292
290 393
334 401
291 400
327 353
252 356
159 357
378 196
57 358
397 353
383 138
355 209
398 293
253 359
357 265
362 182
391 89
394 177
122 371
368 211
130 367
385 109
371 216
379 135
380 197
187 363
401 374
346 379
237 355
361 378
390 241
391 386
165 399
211 382
396 145
385 274
364 372
228 353
5 380
287 385
367 201
384 140
256 396
109 380
281 352
386 379
299 352
367 208
320 363
392 157
373 11
111 353
372 236
192 354
78 370
134 363
327 382
384 212
394 266
354 55
265 398
370 25
1 401
353 196
401 397
181 363
378 49
231 392
309 372
17 397
375 390
373 171
358 384
196 361
181 370
401 391
225 373
360 54
151 361
377 284
396 99
378 180
175 383
372 3
397 121
392 367
353 255
364 299
49 355
378 235
251 386
84 389
356 239
372 119
137 351
5 378
364 342
322 367
170 398
391 231
369 135
35 358
84 381
366 376
388 258
58 377
392 266
399 324
318 371
382 249
354 317
248 373
60 370
291 361
226 382
332 383
82 354
359 224
341 357
310 392
371 90
149 361
351 266
355 384
361 382
353 18
371 81
388 328
387 330
381 55
374 146
376 293
398 147
386 216
218 376
398 218
398 149
170 383
352 59
342 394
306 398
18 399
354 140
18 371
394 105
196 387
250 370
42 357
255 380
322 396
360 304
133 386
393 37
317 361
196 382
97 357
385 258
305 394
373 123
401 286
388 392
394 272
397 319
371 63
207 379
394 257
46 395
251 394
390 218
366 97
235 355
103 381
376 52
370 269
366 344
193 392
17 353
364 179
255 363
351 346
384 293
74 358
10 381
397 126
137 379
375 1
393 44
344 381
193 381
287 366
376 134
379 270
363 347
173 380
100 374
380 140
139 390
324 358
375 345
382 72
241 384
359 202
400 235
351 273
294 394
401 230
384 195
398 85
166 364
355 320
385 257
359 277
401 390
251 391
375 113
61 393
280 399
351 314
172 399
318 397
274 352
380 216
397 238
202 374
73 368
156 376
204 399
238 383
376 400
353 61
386 188
349 369
30 379
389 113
364 154
365 329
354 258
316 396
400 101
362 277
60 356
370 254
362 265
388 194
47 389
364 302
60 380
12 379
359 22
365 2
330 358
388 372
389 343
375 121
399 322
295 388
261 358
354 346
378 107
183 351
373 395
377 220
148 383
337 358
377 275
288 381
311 381
338 391
184 352
205 391
396 227
251 397
93 378
193 375
351 249
7 363
387 43
264 376
182 385
201 382
394 341
382 271
209 381
154 363
358 6
397 24
183 383
387 58
393 64
234 399
64 399
362 279
387 133
362 398
355 380
21 364
385 74
146 390
376 40
373 94
400 53
43 394
401 378
393 20
200 386
378 307
105 388
312 391
23 386
345 391
301 387
195 395
89 372
217 369
397 221
195 380
395 99
380 362
360 107
351 236
395 347
202 400
129 398
353 276
378 399
61 386
368 229
387 36
344 397
269 390
351 18
362 13
358 161
399 81
398 344
52 358
392 202
351 280
146 355
277 385
366 379
339 389
214 359
277 372
385 138
187 392
397 368
360 259
381 268
73 376
258 397
205 372
354 312
315 380
401 259
374 70
377 177
372 185
380 263
363 226
208 372
399 65
357 15
383 135
379 100
147 401
178 357
359 245
366 23
355 142
177 374
113 363
395 393
352 378
244 385
319 378
313 393
36 358
268 358
364 8
386 142
252 357
401 11
390 228
49 394
133 381
317 398
389 124
389 65
252 351
372 58
144 375
362 15
365 3
388 84
370 319
367 122
364 186
390 188
37 389
396 116
357 136
242 354
176 380
79 376
41 393
131 381
399 131
384 348
356 381
233 373
124 370
154 352
395 134
181 376
48 398
358 81
383 128
395 304
351 160
267 361
184 397
266 351
393 102
367 308
383 109
273 360
378 284
359 23
395 293
396 267
269 351
82 389
376 343
373 234
355 398
349 391
107 351
288 358
401 227
117 382
167 377
361 158
401 208
193 385
356 19
326 394
375 200
268 387
399 368
388 330
359 242
19 401
10 378
388 154
355 137
384 372
314 379
236 392
354 77
400 172
77 386
366 196
378 323
98 394
376 251
22 394
182 360
232 372
42 358
351 215
113 366
239 391
353 187
399 337
178 367
380 39
3 383
376 181
386 401
328 400
336 356
375 183
363 190
90 384
390 176
347 380
357 329
389 324
356 241
360 350
276 397
381 15
377 51
384 202
193 390
194 361
400 7
383 54
88 364
368 83
50 371
285 358
354 191
351 396
186 380
37 361
23 377
143 390
288 360
334 368
385 167
375 206
367 214
160 374
285 388
40 356
381 118
44 372
371 329
197 376
117 356
371 103
361 309
120 399
375 130
118 400
374 318
164 390
327 364
353 21
373 8
368 269
207 359
5 374
221 391
381 170
367 136
399 285
219 380
380 199
138 361
385 69
361 364
365 178
166 363
381 17
264 358
357 170
23 391
14 400
383 178
207 360
358 104
337 400
377 240
291 390
389 321
382 226
64 377
399 56
111 378
389 47
394 118
250 361
401 388
359 289
398 278
394 104
353 93
311 355
369 188
234 374
62 398
354 116
87 357
375 352
386 326
390 145
251 380
358 279
382 265
377 166
395 197
357 49
123 384
359 380
372 133
281 390
373 237
397 208
378 250
381 34
389 275
146 369
379 4
381 261
335 383
394 336
397 119
307 352
399 61
28 351
370 132
310 373
378 66
380 366
285 381
208 362
397 183
353 184
72 381
224 382
356 222
253 380
368 156
195 376
372 389
358 394
29 358
107 372
394 211
366 55
352 376
361 401
380 281
383 307
361 188
366 169
369 114
362 76
69 381
360 122
369 192
219 378
373 274
373 133
359 320
362 294
377 226
399 170
116 394
246 381
192 390
174 397
374 45
191 364
93 392
380 373
376 276
11 375
361 369
358 117
362 329
375 232
193 354
350 360
400 199
390 175
296 368
246 383
367 40
115 366
389 69
356 235
390 180
231 376
348 352
13 367
366 298
206 377
397 100
395 305
271 368
378 78
115 395
394 355
14 391
353 208
98 401
387 117
281 396
299 401
80 387
329 396
307 380
389 80
312 398
257 361
393 389
386 198
289 397
63 354
351 367
370 91
378 229
160 385
381 269
386 262
367 190
103 375
292 360
286 370
386 167
276 373
384 313
318 383
190 362
361 127
324 366
392 169
283 398
3 376
73 356
361 11
375 50
380 82
351 115
379 108
373 264
260 362
244 373
359 8
260 382
190 352
93 390
355 191
82 400
383 80
187 400
203 368
268 382
401 93
316 360
204 396
375 294
10 372
293 384
389 356
377 212
283 380
389 155
394 311
77 354
359 388
219 369
351 276
146 397
352 234
59 390
345 353
365 20
401 308
355 326
377 305
374 122
322 377
224 357
283 379
190 374
394 194
23 395
92 354
300 385
389 9
353 188
175 396
377 248
395 287
6 368
107 358
133 399
6 371
209 388
43 389
77 374
368 8
366 395
132 376
228 354
374 59
147 391
361 144
244 361
202 364
184 358
344 389
396 191
116 377
55 387
336 381
398 29
296 394
4 353
379 244
381 196
401 264
22 392
184 368
64 364
149 355
383 270
233 351
81 392
62 358
358 246
394 200
374 75
263 357
173 388
370 288
379 131
361 247
66 375
392 147
220 352
369 131
371 127
360 14
391 93
227 360
371 167
206 392
395 94
139 381
75 370
269 381
375 265
379 335
390 41
389 227
366 33
66 382
352 93
359 63
364 156
357 395
352 75
371 64
65 370
398 48
356 166
356 20
94 387
151 392
335 367
52 369
393 353
371 373
80 393
255 381
44 368
304 387
391 277
384 288
83 384
376 38
387 382
384 290
155 377
371 118
309 387
400 27
85 364
356 35
381 147
388 147
377 278
351 186
363 343
382 86
354 127
106 378
351 395
176 381
394 174
203 399
385 242
93 356
367 46
366 157
366 316
372 265
361 46
401 315
95 395
382 396
161 358
380 220
392 310
356 209
361 343
358 312
369 42
189 401
95 362
236 369
57 354
385 280
270 364
369 37
364 378
338 394
351 120
23 362
2 355
371 138
389 317
136 372
137 353
21 382
49 361
251 368
386 354
379 212
380 358
230 365
400 397
23 357
7 391
391 240
365 106
39 355
393 374
354 365
118 374
360 393
389 131
361 339
108 377
58 382
168 401
169 368
358 103
292 399
37 365
356 278
294 376
353 294
381 105
360 60
365 76
379 202
355 230
359 332
22 380
249 357
397 157
356 207
374 142
153 354
379 224
35 379
381 396
391 21
359 282
371 358
367 154
369 141
381 60
145 400
50 369
390 252
352 118
384 84
146 378
253 370
370 335
399 260
41 395
311 391
353 115
385 383
255 376
213 356
396 183
336 388
368 315
306 394
398 52
384 282
37 376
377 133
370 41
379 33
384 56
367 160
349 374
64 362
136 377
176 389
253 363
235 398
187 389
10 363
373 206
391 187
67 389
307 372
371 194
401 325
197 375
357 370
193 380
393 52
233 384
355 274
126 359
366 185
376 6
397 349
396 157
324 369
355 2
111 359
379 319
142 356
89 357
310 355
391 49
76 367
397 178
387 234
92 377
365 119
352 334
205 367
382 175
390 280
198 360
378 178
321 396
401 213
357 75
372 72
384 128
364 91
79 374
401 346
362 129
365 66
330 395
354 101
365 134
368 329
351 384
376 325
68 365
380 126
238 398
385 126
266 394
371 73
49 375
43 395
374 249
112 399
119 393
276 361
373 389
386 10
174 396
321 362
20 399
371 97
358 120
164 391
322 371
378 322
227 388
315 391
376 224
366 253
391 306
75 389
165 362
392 248
382 153
386 98
101 356
395 273
173 382
354 351
44 393
82 375
380 172
288 359
319 399
244 392
93 358
347 356
164 394
243 382
33 364
69 373
303 362
258 356
104 395
127 397
278 376
380 284
377 280
363 217
399 361
68 374
373 354
374 369
168 369
384 326
374 281
78 371
373 202
396 129
107 359
378 247
375 33
123 370
251 362
228 387
384 58
389 309
399 189
399 148
354 186
36 374
365 165
115 354
365 372
356 389
369 152
209 374
355 81
355 331
363 77
224 374
397 189
250 392
109 369
276 354
367 120
385 255
358 181
388 234
372 393
80 351
179 365
395 286
296 359
341 397
400 220
81 389
173 386
75 381
399 38
392 129
368 368
376 65
400 30
381 357
384 63
395 110
245 378
278 397
302 367
363 37
196 376
232 365
385 292
383 79
56 381
376 261
113 396
116 351
383 375
45 392
225 388
300 354
379 36
71 355
375 346
394 333
116 358
198 388
352 198
241 365
379 10
232 397
376 185
255 395
374 72
280 398
200 372
305 377
67 378
20 380
368 47
195 359
389 181
138 392
227 392
366 116
378 91
341 365
370 44
375 159
356 60
401 382
354 294
277 379
364 348
177 382
292 393
203 375
270 352
83 382
306 363
144 393
356 184
392 167
400 314
114 376
396 384
107 354
366 136
384 229
122 394
245 367
365 205
362 306
99 361
131 365
380 153
335 399
383 203
234 377
364 223
295 396
61 374
376 253
190 396
362 332
187 352
325 366
354 194
367 203
30 365
41 360
278 364
120 386
132 360
390 357
397 358
394 291
318 369
84 401
102 377
336 358
101 382
360 235
214 362
22 368
386 361
342 387
368 46
357 323
384 302
360 10
138 364
363 187
352 142
148 398
388 48
201 379
377 194
382 259
388 110
388 215
21 372
374 108
370 316
398 67
383 294
391 385
386 111
373 4
358 378
53 375
12 385
376 301
353 241
87 366
396 193
398 388
395 108
252 369
360 323
364 28
216 354
4 396
88 398
358 332
381 394
362 54
370 220
398 376
278 400
166 398
334 371
394 284
390 133
319 388
373 289
373 346
367 250
358 264
169 377
356 250
400 294
374 151
401 231
52 393
386 93
360 197
388 64
393 97
155 378
360 217
355 330
381 292
385 267
390 338
27 368
175 352
303 386
330 371
77 400
359 42
382 223
372 12
321 366
399 162
375 108
400 373
356 116
339 361
44 382
397 172
354 135
385 148
370 313
383 33
191 400
165 364
355 125
197 399
356 191
81 365
184 383
363 186
375 223
360 229
386 152
364 327
176 356
372 249
348 379
360 160
26 366
391 391
396 231
91 390
398 258
299 394
354 88
390 33
359 359
320 352
228 360
111 388
395 232
355 235
362 215
389 92
43 387
390 65
121 379
358 33
374 173
398 96
392 96
396 168
387 149
380 21
374 79
354 277
316 366
357 169
111 387
210 399
366 65
395 64
360 311
364 323
273 390
383 346
71 369
234 376
280 374
397 91
208 395
81 399
391 110
165 374
68 362
113 393
225 351
76 392
361 88
83 375
363 157
354 60
14 375
387 202
390 266
378 263
362 333
358 108
142 352
160 391
392 55
362 325
72 365
381 265
54 399
375 21
183 401
59 352
215 353
371 141
311 371
390 15
193 384
365 294
368 355
25 381
197 385
98 353
377 398
31 384
255 390
369 95
398 76
363 130
396 146
353 218
375 361
209 380
280 359
91 357
385 282
284 370
273 392
336 399
43 364
384 176
53 386
358 287
259 379
355 69
355 292
360 161
320 391
171 370
367 108
21 359
360 263
381 57
389 59
204 392
391 311
92 364
296 387
357 316
26 356
399 185
364 118
400 49
313 373
355 52
391 282
386 211
375 116
46 389
397 162
368 218
398 319
161 383
368 154
392 258
399 211
397 321
359 75
10 398
271 396
194 352
347 354
267 358
362 9
376 392
350 383
15 399
383 286
355 41
377 307
343 390
217 397
362 394
62 366
9 387
40 351
381 47
400 305
361 201
377 302
124 373
192 371
384 183
397 229
327 396
359 100
370 341
386 281
387 143
360 234
378 273
388 72
28 359
370 6
324 394
133 394
207 351
282 363
334 358
359 261
329 386
182 358
147 384
246 363
211 395
378 111
394 51
89 353
37 399
397 56
389 349
364 241
132 363
157 392
15 381
371 335
400 375
364 64
387 308
188 396
359 144
398 214
189 363
363 137
27 398
87 384
262 371
164 379
362 216
297 380
365 342
398 271
156 387
367 273
396 160
361 311
384 386
382 61
392 211
155 353
385 291
288 387
383 312
264 388
315 400
10 389
312 379
391 37
172 385
15 394
175 393
305 376
41 397
368 236
136 401
376 179
353 51
361 198
396 248
313 392
337 394
393 278
401 143
383 116
5 360
156 393
358 10
390 334
376 114
335 375
382 260
250 362
376 25
373 280
188 357
142 383
356 246
383 42
389 33
352 175
347 381
34 395
401 265
53 370
71 370
394 240
370 67
95 379
302 397
374 355
226 381
382 213
399 387
373 65
390 333
374 305
360 77
401 146
378 396
281 376
66 400
276 388
360 198
390 203
379 191
222 365
128 354
201 388
120 393
209 401
400 14
262 357
382 218
356 1
374 52
373 121
395 69
397 311
378 190
183 397
400 61
228 400
120 376
387 41
401 262
46 383
391 275
353 63
362 48
375 275
387 15
362 392
76 383
367 118
349 361
297 379
401 364
73 379
380 210
391 375
397 366
394 38
376 88
367 212
41 374
160 371
22 382
225 363
217 372
58 374
357 330
96 354
294 354
165 386
114 390
244 351
379 98
361 269
382 55
383 378
103 394
354 97
85 384
186 384
171 388
398 95
354 279
377 131
352 390
398 262
380 213
179 371
363 346
376 27
98 364
19 367
136 376
3 388
394 4
68 370
381 100
361 128
8 373
40 382
13 383
396 94
116 388
355 226
106 398
386 314
289 382
139 359
111 351
70 366
42 390
395 128
123 400
352 201
50 396
365 200
100 378
186 366
364 63
14 351
301 393
150 362
354 306
127 363
225 371
244 352
359 151
292 380
358 143
351 11
391 163
378 212
381 298
383 173
382 59
13 359
319 389
269 398
42 377
382 321
365 316
386 302
353 125
184 355
376 367
357 23
198 382
381 229
147 377
130 353
92 379
375 379
354 369
396 133
109 353
274 390
369 23
385 223
394 193
373 236
360 374
144 391
388 398
39 372
78 372
355 342
124 365
321 354
379 275
385 209
100 396
327 380
246 365
165 363
363 200
374 221
239 385
311 397
314 386
379 168
3 372
389 16
384 344
207 369
391 319
363 90
355 392
32 372
186 387
386 377
23 366
358 236
395 79
23 375
357 106
399 182
351 175
364 123
235 369
370 79
391 128
355 311
273 385
388 385
164 385
360 255
179 352
395 230
148 357
324 364
371 243
356 304
177 376
79 379
117 367
387 319
395 297
356 379
398 49
368 70
371 26
159 376
369 370
152 368
102 354
125 376
393 160
351 248
356 177
248 366
343 352
385 100
368 317
389 357
374 343
208 381
172 374
400 299
395 274
364 78
23 371
29 379
362 85
246 389
361 350
173 358
260 376
396 62
364 360
398 364
213 398
153 385
373 150
386 28
74 356
338 362
357 184
355 273
181 356
379 384
149 352
333 374
385 195
74 381
2 375
26 386
323 391
266 363
363 243
362 291
365 181
370 243
381 382
357 343
367 258
394 379
396 290
373 190
132 386
370 265
384 271
359 361
387 348
376 166
352 61
369 87
27 390
371 320
342 368
355 229
31 374
372 232
219 358
229 372
370 97
355 110
372 314
210 358
250 397
282 389
365 71
111 390
277 375
216 358
373 260
63 371
396 389
383 47
383 341
367 144
382 241
259 386
393 154
79 355
389 11
397 83
15 389
256 379
377 188
125 355
365 323
152 375
139 385
100 395
365 286
389 254
372 326
385 210
64 388
117 401
380 27
165 372
351 113
28 383
115 369
223 401
390 368
238 354
366 225
41 364
352 291
397 127
377 63
87 365
319 390
213 366
303 375
191 381
313 398
94 385
312 368
388 307
352 31
385 239
398 55
185 371
89 365
377 200
361 178
393 161
363 327
334 364
400 200
367 376
391 284
1 367
141 385
149 354
369 91
384 11
169 374
364 184
183 352
200 371
36 368
156 396
368 111
401 400
179 376
397 266
352 55
369 50
264 351
396 350
169 385
398 312
60 368
145 356
395 270
373 99
345 377
392 252
384 77
391 247
6 370
357 311
356 328
385 42
21 385
377 15
369 154
7 365
70 378
352 300
226 364
379 45
360 385
394 224
351 43
356 251
26 352
384 160
341 374
367 299
392 314
280 387
397 392
289 381
369 340
385 301
372 234
352 44
391 232
362 344
352 222
383 199
386 340
238 352
372 381
383 240
333 394
174 352
167 376
51 384
355 396
398 397
149 391
371 219
106 384
361 250
379 371
371 298
316 376
119 385
21 366
159 375
107 373
353 128
151 376
387 134
353 40
239 364
391 162
329 355
370 182
400 129
322 352
90 365
388 62
394 147
10 380
398 10
229 389
370 293
115 393
352 134
8 401
380 202
227 382
373 90
363 298
217 357
387 277
352 58
27 394
373 379
358 399
356 194
152 372
369 180
357 61
181 397
25 363
295 364
120 400
400 141
362 296
395 95
277 374
389 151
361 196
392 71
400 376
378 24
180 400
364 341
359 61
2 356
46 364
390 189
396 327
387 167
269 378
399 99
375 278
383 370
364 175
274 400
373 84
392 280
4 368
397 31
401 130
385 141
391 207
27 352
281 391
166 365
91 382
256 367
297 359
398 194
127 401
378 352
238 371
393 49
373 331
387 66
331 386
379 160
368 50
336 355
383 65
394 325
365 91
370 401
369 223
380 292
357 364
401 13
376 123
210 357
100 392
211 370
394 401
389 1
162 363
372 77
31 381
321 376
372 246
62 362
351 64
400 142
295 379
326 384
381 205
75 362
388 367
396 136
391 129
118 397
369 148
233 354
392 128
86 359
362 199
314 357
399 289
36 389
400 221
380 79
177 381
362 164
375 287
292 384
359 141
352 154
377 132
388 384
365 133
395 176
236 381
143 396
367 217
382 335
144 398
25 361
96 351
353 143
99 355
387 228
377 295
393 42
286 380
352 312
109 387
344 391
357 327
86 400
259 375
268 355
388 396
131 389
83 385
371 279
398 27
353 100
22 375
331 378
377 338
39 401
355 49
156 363
388 118
253 389
87 377
269 363
118 373
394 98
372 356
374 320
378 112
253 360
390 54
230 375
86 372
395 319
361 45
134 393
229 368
83 367
374 258
376 71
397 378
374 253
370 108
